10.0	2.223504464164e-42
10.02306	2.1831259291402505e-42
10.046173	2.1434807607816105e-42
10.06934	2.10455573225569e-42
10.09256	2.0663378255664402e-42
10.115833	2.0288142288602494e-42
10.139161	1.99197205148176e-42
10.162542	1.955799453001e-42
10.185976	1.920283662049e-42
10.209465	1.88541294709156e-42
10.233008	1.8511757594726398e-42
10.256606	1.81756046146249e-42
10.280258	1.78455560343076e-42
10.303964	1.7521501860816097e-42
10.327725	1.7203336459020102e-42
10.351541	1.6890945413128898e-42
10.375412	1.6584231736848397e-42
10.399337	1.6283087067039997e-42
10.423318	1.5987409932168897e-42
10.447355	1.5697105495848098e-42
10.471446	1.54120728924369e-42
10.495594	1.5132217851086398e-42
10.519796	1.4857447572676904e-42
10.544055	1.4587668295536397e-42
10.56837	1.4322790174179605e-42
10.592741	1.4062724778049597e-42
10.617168	1.3807385073328898e-42
10.641651	1.35566854049124e-42
10.666191	1.33105414785424e-42
10.690787	1.30688680567225e-42
10.71544	1.2831588107559998e-42
10.74015	1.2598616761473599e-42
10.764917	1.23698772780025e-42
10.789741	1.2145294108376099e-42
10.814622	1.1924790696476104e-42
10.83956	1.1708291727619603e-42
10.864557	1.1495725256334405e-42
10.88961	1.1287020467352101e-42
10.914722	1.10821034502649e-42
10.939891	1.088090989456e-42
10.965119	1.0683370220952104e-42
10.990404	1.04894180469796e-42
11.015748	1.0298986018566401e-42
11.041151	1.0112013933420099e-42
11.066612	9.928436095005442e-43
11.092131	9.748192848645969e-43
11.11771	9.571223492716898e-43
11.143347	9.397468877134849e-43
11.169044	9.2268707877864e-43
11.1948	9.059372124778756e-43
11.220615	8.894917070385423e-43
11.24649	8.733450686302489e-43
11.272425	8.574919643143044e-43
11.298419	8.419271441401746e-43
11.324473	8.266454037281763e-43
11.350587	8.1164171101456e-43
11.376762	7.969110761055377e-43
11.402997	7.824486050015623e-43
11.429292	7.6824944520256e-43
11.455648	7.543087689604405e-43
11.482065	7.406217746578225e-43
11.508543	7.271837734055037e-43
11.535082	7.139901695247722e-43
11.561682	7.010364085158889e-43
11.588343	6.883180937343844e-43
11.615066	6.758308336162762e-43
11.64185	6.63570406654856e-43
11.668696	6.515326913880625e-43
11.695605	6.397136320409999e-43
11.722575	6.281092852195715e-43
11.749607	6.167157383625e-43
11.776702	6.055291726220025e-43
11.803859	5.94545814359921e-43
11.831079	5.837619656236489e-43
11.858361	5.7317398751450245e-43
11.885707	5.627782694065402e-43
11.913115	5.525712890149321e-43
11.940587	5.425495955257157e-43
11.968122	5.327097789780899e-43
11.995721	5.2304849912564635e-43
12.023383	5.135624840399075e-43
12.051109	5.042485713453445e-43
12.078899	4.951036908596024e-43
12.106753	4.861247783577202e-43
12.134671	4.7730885977768486e-43
12.162654	4.686530350064643e-43
12.190701	4.6015440820411255e-43
12.218813	4.518101697514275e-43
12.246989	4.436175538553641e-43
12.275231	4.3557379839402244e-43
12.303538	4.276762246447682e-43
12.33191	4.1992222195768365e-43
12.360347	4.123091689803025e-43
12.38885	4.048345500092101e-43
12.417419	3.9749585066419845e-43
12.446054	3.902905965990565e-43
12.474755	3.832163282171962e-43
12.503521	3.762706380855409e-43
12.532355	3.69451145529505e-43
12.561254	3.6275552075977225e-43
12.590221	3.56181495736925e-43
12.619254	3.497268034391617e-43
12.648354	3.4338926103306253e-43
12.677521	3.3716673239236003e-43
12.706756	3.3105708107536e-43
12.736058	3.2505826266821597e-43
12.765427	3.1916822002506254e-43
12.794864	3.133849744716804e-43
12.824369	3.077065567460417e-43
12.853942	3.021310515669601e-43
12.883584	2.966565635251344e-43
12.913293	2.9128124955484844e-43
12.943071	2.860032961484176e-43
12.972918	2.808208977696369e-43
13.002834	2.7573232044484008e-43
13.032818	2.707358370127524e-43
13.062872	2.658297380225041e-43
13.092995	2.6101236248181623e-43
13.123188	2.5628203579816353e-43
13.15345	2.5163717159024996e-43
13.183782	2.4707617908705643e-43
13.214184	2.4259750355393443e-43
13.244656	2.3819966453242087e-43
13.275198	2.3388125327354402e-43
13.305811	2.29640891898132e-43
13.336494	2.25477213708248e-43
13.367248000000002	2.213889010128325e-43
13.398073000000002	2.173746369643209e-43
13.428969	2.134331338982976e-43
13.459937	2.0956307773635996e-43
13.490975	2.0576320241546413e-43
13.522085999999998	2.0203224343120098e-43
13.553268	1.983689651354161e-43
13.584522	1.9477215124680042e-43
13.615848000000002	1.9124061334963562e-43
13.647246	1.877731642505601e-43
13.678716	1.8436865288252405e-43
13.71026	1.8102591221795998e-43
13.741876	1.7774383647443293e-43
13.773565	1.7452131209595042e-43
13.805326	1.7135726006930411e-43
13.837162	1.6825061852364957e-43
13.86907	1.6520034250740248e-43
13.901051999999998	1.622054198770756e-43
13.933108	1.5926483841840009e-43
13.965238	1.5637761800521002e-43
13.997442	1.5354278615352961e-43
14.02972	1.5075940924070012e-43
14.062073000000002	1.4802653737630893e-43
14.0945	1.4534325899359212e-43
14.127002	1.427086693793601e-43
14.159579	1.401218932913881e-43
14.192231	1.375820469938916e-43
14.224959	1.3508828319921642e-43
14.257762	1.3263977530255358e-43
14.29064	1.302357096594225e-43
14.323594	1.2787527826804088e-43
14.356625	1.255577001910884e-43
14.389731	1.232821996749225e-43
14.422914000000002	1.2104801327220252e-43
14.456173	1.1885439657707558e-43
14.48951	1.1670057592691562e-43
14.522922	1.145858110476676e-43
14.556412	1.125093872371561e-43
14.58998	1.104705747048996e-43
14.623624	1.084686757383889e-43
14.657346	1.0650301057704011e-43
14.691146	1.045729040254756e-43
14.725024	1.0267769200895999e-43
14.75898	1.0081672777225001e-43
14.793015	9.898938144060837e-44
14.827127	9.71950271197689e-44
14.861319	9.543308629245161e-44
14.895589	9.370299537930248e-44
14.929939	9.200418715248645e-44
14.964367	9.03361272528961e-44
14.998875	8.869827724495361e-44
15.033463	8.709010687270888e-44
15.068129999999998	8.551108226292841e-44
15.102877	8.396068953928407e-44
15.137704	8.243841695922814e-44
15.172612	8.094376645819238e-44
15.2076	7.947623637409001e-44
15.242669	7.803534979968639e-44
15.277819	7.662062603457612e-44
15.31305	7.523160842811611e-44
15.348362	7.386783635350441e-44
15.383755	7.252886177794891e-44
15.41923	7.121423825120159e-44
15.454787	6.992353163913638e-44
15.490426	6.865630407131042e-44
15.526147	6.74121299111716e-44
15.56195	6.619059028110242e-44
15.597836	6.499127297449961e-44
15.633805	6.381377236865442e-44
15.669857	6.265771937625759e-44
15.705991	6.152274030732837e-44
15.74221	6.040847200782252e-44
15.778510999999998	5.93145615685561e-44
15.814897	5.82406467343801e-44
15.851366	5.718637085235842e-44
15.887919	5.61513401483076e-44
15.924557	5.513518194979243e-44
15.961279	5.413752532707841e-44
15.998086	5.315800582404001e-44
16.034978	5.219627450220159e-44
16.071954	5.12519929043409e-44
16.109016	5.032482827744161e-44
16.146164000000002	4.941446238444959e-44
16.183397	4.85205778047769e-44
16.220716	4.764286242900249e-44
16.258121	4.678103533977759e-44
16.295613	4.593483698673959e-44
16.33319	4.510400711916161e-44
16.370855	4.4288293360665593e-44
16.408606	4.34874426371449e-44
16.446445	4.2701197197582404e-44
16.484370000000002	4.1929274473632093e-44
16.522382999999998	4.117139674216961e-44
16.560484	4.0427295077160003e-44
16.598673	3.969670112889611e-44
16.636948999999998	3.8979359086248105e-44
16.675314	3.82750291640025e-44
16.713767999999998	3.758349088774439e-44
16.75231	3.6904507761811603e-44
16.790941	3.6237866177251604e-44
16.829660999999998	3.5583344314830405e-44
16.868470000000002	3.4940712622922505e-44
16.907369	3.430974539521001e-44
16.946357	3.3690217046102495e-44
16.985436	3.3081913137235587e-44
17.024604	3.248461557331209e-44
17.063863	3.189814931628089e-44
17.103213	3.1322352232688403e-44
17.142653	3.07570710837636e-44
17.182184	3.020214729252251e-44
17.221806	2.96574275854224e-44
17.26152	2.912274675905441e-44
17.301325	2.8597938435562513e-44
17.341222	2.80828418980096e-44
17.381210999999997	2.757729527265691e-44
17.421292	2.7081155406060907e-44
17.461466	2.65942318676644e-44
17.501732	2.6116318237593603e-44
17.542091	2.56471993356049e-44
17.582542999999998	2.5186654905241605e-44
17.623089	2.4734469402241604e-44
17.663728	2.4290463081840404e-44
17.70446	2.38544812450816e-44
17.745287	2.3426384026240012e-44
17.786208	2.30060276036644e-44
17.827223	2.259327346614809e-44
17.868333	2.2187973351438392e-44
17.909537	2.1789978612204098e-44
17.950837	2.1399131534736398e-44
17.992231	2.101528612225e-44
18.033722	2.0638299035329602e-44
18.075308	2.0268026704272396e-44
18.116989	1.9904331060944104e-44
18.158767	1.95470849625921e-44
18.200642	1.9196157920039997e-44
18.242612	1.8851419062220902e-44
18.28468	1.8512753552096397e-44
18.326845	1.81800484522281e-44
18.369106	1.7853195371222504e-44
18.411466	1.7532082372912902e-44
18.453923	1.7216615186409997e-44
18.496478	1.6906711266156102e-44
18.539131	1.6602288999016896e-44
18.581882	1.6303272805432894e-44
18.624732	1.6009582779840402e-44
18.667681	1.572113742528161e-44
18.710728	1.5437856245688898e-44
18.753876	1.5159657275193602e-44
18.797122	1.4886462061808097e-44
18.840468	1.4618188292489997e-44
18.883915	1.4354773966188106e-44
18.927461	1.4096145645296102e-44
18.971108	1.38422401743025e-44
19.014856	1.3592983262102497e-44
19.058704	1.33482946324324e-44
19.102653	1.3108079169870397e-44
19.146704	1.28722389756921e-44
19.190857	1.2640689285872406e-44
19.235111	1.24133512476484e-44
19.279467	1.2190187028272406e-44
19.323926	1.1971178309894405e-44
19.368487	1.1756288554016396e-44
19.413151	1.1545474563016901e-44
19.457918	1.1338659104259597e-44
19.502788	1.113571557081e-44
19.547762	1.0936520435952397e-44
19.592839	1.0740951118873601e-44
19.63802	1.05489024516225e-44
19.683305	1.0360304295936405e-44
19.728695	1.01751038957584e-44
19.77419	9.993248340007696e-45
19.819789	9.8146885561921e-45
19.865494	9.639367773599522e-45
19.911304	9.467224809112224e-45
19.957219	9.298199307063244e-45
20.003241	9.132232307045796e-45
20.049369	8.969266591388943e-45
20.095603	8.80924776375365e-45
20.141943	8.652122849836945e-45
20.188391	8.497840445447823e-45
20.234945	8.346349028306026e-45
20.281607	8.1975984375481e-45
20.328377	8.051538403033226e-45
20.375254	7.908120176022542e-45
20.42224	7.767295605236643e-45
20.469333	7.629017483997009e-45
20.516536	7.493239705377003e-45
20.563847	7.359916722061849e-45
20.611268	7.229004394696702e-45
20.658797	7.100458772208399e-45
20.706437	6.974237107562405e-45
20.754186	6.8502968329104e-45
20.802045	6.728596885400626e-45
20.850015	6.609096360729798e-45
20.898095	6.491755493387763e-45
20.946286	6.376535307010522e-45
20.994589	6.263397282490384e-45
21.043002	6.15230382764413e-45
21.091528	6.043217788754496e-45
21.140165	5.936102912039879e-45
21.188914	5.830923516714256e-45
21.237776	5.727644487527209e-45
21.28675	5.626231267371262e-45
21.335838	5.5266502960051354e-45
21.385039000000003	5.4288682461693183e-45
21.434353	5.332852321957162e-45
21.48378	5.238570686076841e-45
21.533322	5.145992003224899e-45
21.582978	5.0550851491708843e-45
21.632749	4.965820062530626e-45
21.682634	4.878166735327875e-45
21.732634	4.7920961946010245e-45
21.78275	4.707579648134417e-45
21.832981	4.6245890347575624e-45
21.883328	4.543096467030017e-45
21.933791	4.463075039062501e-45
21.984371	4.3844980023537626e-45
22.035067	4.3073391658236825e-45
22.08588	4.2315727542916e-45
22.13681	4.1571736609179043e-45
22.187858	4.0841170469674084e-45
22.239023	4.012378595668921e-45
22.290306	3.941934501419929e-45
22.341708	3.8727610858061455e-45
22.393228	3.8048356672225e-45
22.444867	3.738135305845265e-45
22.496625	3.6726380380624354e-45
22.548503	3.60832188373748e-45
22.6005	3.5451654530292654e-45
22.652617000000003	3.4831478132036014e-45
22.704854	3.4222482450002254e-45
22.757211	3.3624467073456635e-45
22.809689	3.3037234728566765e-45
22.862289	3.2460587819496365e-45
22.915009	3.189433192654489e-45
22.967852	3.1338274643988005e-45
23.020816	3.0792225586920495e-45
23.073902	3.025600189767937e-45
23.12711	2.9729425829418087e-45
23.180442000000003	2.9212324611743296e-45
23.233896	2.870452603326027e-45
23.287474	2.820586274892865e-45
23.341175	2.7716171098224992e-45
23.395	2.7235288937536004e-45
23.448949	2.6763058756506242e-45
23.503022	2.629932652871161e-45
23.55722	2.584393756846489e-45
23.611543	2.5396743688131246e-45
23.665992000000003	2.4957595996260852e-45
23.720566	2.452634995087225e-45
23.775265	2.410286033272897e-45
23.830091	2.36869871837984e-45
23.885044	2.327859468426817e-45
23.940123	2.287755486657169e-45
23.995329	2.2483737856804002e-45
24.050662	2.209701953756089e-45
24.106123	2.171727390425616e-45
24.161712	2.1344377824005764e-45
24.217429	2.097821280316441e-45
24.273275	2.0618653039262894e-45
24.329249	2.026556939151616e-45
24.385353	1.9918834047314413e-45
24.441586	1.9578323182652012e-45
24.497948	1.924392299466816e-45
24.554441	1.8915524113043616e-45
24.611063	1.859302232619129e-45
24.667817000000003	1.827631157144809e-45
24.724701	1.7965287452884842e-45
24.781716	1.7659845538571618e-45
24.838863	1.7359885577184162e-45
24.896142	1.7065306411509762e-45
24.953552	1.6776010978438408e-45
25.011095	1.649190374550625e-45
25.068771	1.6212890690747558e-45
25.12658	1.5938883275079608e-45
25.184522	1.5669795086484638e-45
25.242598	1.5405541005114488e-45
25.300807	1.5146033295890252e-45
25.359151	1.48911863881e-45
25.41763	1.464091376321809e-45
25.476243	1.4395132586827237e-45
25.534991	1.4153760583622565e-45
25.593875	1.3916717543836888e-45
25.652895	1.3683924534205213e-45
25.71205	1.3455303147238413e-45
25.771343	1.323077842494769e-45
25.830772	1.3010275864575999e-45
25.890338	1.2793720717927206e-45
25.950041	1.2581041582156961e-45
26.009882	1.237216888720836e-45
26.069861	1.216703136337984e-45
26.129978	1.196556167760529e-45
26.190234	1.1767693557811843e-45
26.250629	1.1573360418081638e-45
26.311163	1.1382498100097636e-45
26.371837	1.1195043464100253e-45
26.43265	1.1010933047910762e-45
26.493604	1.0830107715386412e-45
26.554699	1.0652505978833288e-45
26.615934000000003	1.0478069948034088e-45
26.677311	1.0306740715167689e-45
26.738829	1.0138462242663042e-45
26.800489	9.973179376762808e-46
26.862291	9.810836582850248e-46
26.924236	9.651379848889e-46
26.986323	9.494757880092257e-46
27.048554	9.340917121713963e-46
27.110928	9.189808542018089e-46
27.173446	9.041381458321e-46
27.236108	8.895587203718415e-46
27.298915	8.752378475675607e-46
27.361866	8.61170636712681e-46
27.424963	8.47352627299684e-46
27.488205	8.33779311806169e-46
27.551593	8.204462540254891e-46
27.615127	8.073492585876636e-46
27.678808	7.944841940672162e-46
27.742636	7.818468244025762e-46
27.80661	7.694332585955999e-46
27.870732	7.57239443424256e-46
27.935003	7.452614990724842e-46
27.999421	7.334955514331287e-46
28.063988	7.21937894685604e-46
28.128704	7.105848262992087e-46
28.193569	6.9943264841052095e-46
28.258583	6.884778265773209e-46
28.323748	6.777168807360161e-46
28.389062	6.67146332838976e-46
28.454528000000003	6.5676275942868886e-46
28.520144	6.465628417600001e-46
28.585912	6.365433630957209e-46
28.651831	6.26701005796009e-46
28.717903000000003	6.1703270426044886e-46
28.784126	6.07535291429361e-46
28.850503000000003	5.982056995635359e-46
28.917032	5.8904095766755616e-46
28.983715000000004	5.800380926403999e-46
29.050552000000003	5.7119417830956105e-46
29.117543	5.6250642965952406e-46
29.184688	5.539720102920999e-46
29.251988	5.4558817559324115e-46
29.319443	5.373521776161639e-46
29.387054	5.292614502964888e-46
29.454821000000003	5.213132839857959e-46
29.522744	5.13505149065104e-46
29.590824	5.0583455526675615e-46
29.65906	4.9829900650254404e-46
29.727454	4.90896090630625e-46
29.796006	4.83623389290721e-46
29.864716	4.764785663353211e-46
29.933584000000003	4.694593223401e-46
30.002611	4.6256343711494405e-46
30.071797	4.557886822272639e-46
30.141143	4.491327797190091e-46
30.210649	4.4259353094064906e-46
30.280315	4.3616873093040895e-46
30.350142	4.2985637674848395e-46
30.420129	4.2365441393968905e-46
30.490278000000004	4.1756082083302495e-46
30.560589	4.1157368922384114e-46
30.631062	4.056911001506249e-46
30.701697	3.9991108494172904e-46
30.772496000000004	3.9423190561507595e-46
30.843457	3.886516530625e-46
30.914583	3.83168566894864e-46
30.985872	3.777809142085689e-46
31.057326	3.724869506062409e-46
31.128944	3.672849595024e-46
31.200728	3.6217340396931615e-46
31.272677	3.571506186680411e-46
31.344792	3.522148898773211e-46
31.417073	3.4736456952296096e-46
31.489521000000003	3.425982215292809e-46
31.562136	3.37914909181444e-46
31.634919	3.33313813389456e-46
31.707869	3.287933586756001e-46
31.780988	3.2435145525760003e-46
31.854275	3.1998605352771602e-46
31.927731	3.1569556969497597e-46
32.001357	3.1147890602522503e-46
32.075152	3.07334803955089e-46
32.149118	3.0326195427872388e-46
32.223254	2.99258999202816e-46
32.297561	2.9532463744014404e-46
32.372039	2.9145762273690003e-46
32.446689	2.876567624398089e-46
32.521512	2.8392078130260103e-46
32.596506	2.8024859235312907e-46
32.671674	2.7663895850608904e-46
32.747015000000005	2.730907951606809e-46
32.82253	2.696029029289211e-46
32.898219	2.661742652631041e-46
32.974083	2.6280388084552887e-46
33.050121000000004	2.5949076338608907e-46
33.126335	2.562339414214809e-46
33.202725	2.530324263020489e-46
33.27929	2.4988527621759998e-46
33.356033000000004	2.467915007408009e-46
33.432952	2.4375015624999997e-46
33.510049	2.4076034473411606e-46
33.587323	2.3782115094540105e-46
33.664776	2.34931673805361e-46
33.742407	2.32091026197156e-46
33.820217	2.2929836504520104e-46
33.898207	2.26552860098929e-46
33.976376	2.238536339041211e-46
34.054726	2.2119991212968102e-46
34.133257	2.1859087286276104e-46
34.211968	2.1602570698296902e-46
34.290861	2.13503676415225e-46
34.369936	2.1102396696889604e-46
34.449194	2.0858589290500905e-46
34.528634000000004	2.06188692369984e-46
34.608257	2.038316153955209e-46
34.688064000000004	2.01513980495844e-46
34.768055	1.99235088184356e-46
34.84823	1.9699424969529603e-46
34.92859	1.9479078682200894e-46
35.009136	1.9262400399902502e-46
35.089867	1.90493299328761e-46
35.170784999999995	1.88398024865856e-46
35.251889	1.863375153025e-46
35.33318	1.8431119716787604e-46
35.414659	1.8231845142622502e-46
35.496325	1.8035864167428913e-46
35.57818	1.7843122157422497e-46
35.660224	1.7653562626224098e-46
35.742456	1.74671272938276e-46
35.824879	1.7283756143290006e-46
35.907491	1.7103403168800398e-46
35.990294	1.6926007398000102e-46
36.073288	1.6751524350182395e-46
36.156473	1.6579897292702491e-46
36.23985	1.6411070372489999e-46
36.32342	1.6244993699222503e-46
36.407182	1.60816181294224e-46
36.491137	1.5920897778241601e-46
36.575286	1.57627874340036e-46
36.659629	1.5607237550944895e-46
36.744166	1.54542018209049e-46
36.828898	1.5303637099936896e-46
36.913826	1.5155498412828903e-46
36.99895	1.5009753704490003e-46
37.08427	1.48663664658441e-46
37.169786	1.4725286137884099e-46
37.2555	1.4586470188291602e-46
37.341412	1.4449869501912102e-46
37.427521	1.4315450074896103e-46
37.513829	1.4183173613196904e-46
37.600336	1.4053002377529598e-46
37.687043	1.392489681444e-46
37.77395	1.3798824998559999e-46
37.861057	1.3674746092464902e-46
37.948365	1.3552629176377602e-46
38.035874	1.3432436804592102e-46
38.123585	1.33141343838721e-46
38.211498	1.3197692411064104e-46
38.299614	1.3083077214438403e-46
38.387933	1.2970255602220898e-46
38.476456	1.2859194854592098e-46
38.565183000000005	1.2749864974089999e-46
38.654115	1.264223638129e-46
38.743251	1.25362776688704e-46
38.832594	1.2431962331664099e-46
38.922142	1.23292575630961e-46
39.011897	1.2228139868046402e-46
39.101858	1.2128577253232404e-46
39.192028	1.2030544757145602e-46
39.282405	1.1934013385268095e-46
39.37299	1.1838961072860101e-46
39.463785	1.1745357376000005e-46
39.554788	1.1653180910009995e-46
39.646002	1.1562404119104404e-46
39.737426	1.1473001966410003e-46
39.829061	1.1384954020090004e-46
39.920907	1.1298233736922501e-46
40.012965	1.1212819168359999e-46
40.105235	1.11286865449081e-46
40.197718	1.1045814514864901e-46
40.290414	1.09641820058001e-46
40.383324	1.08837640470784e-46
40.476449	1.0804542236010001e-46
40.569788	1.0726496333440002e-46
40.663342	1.0649604297486398e-46
40.757112	1.0573848485808395e-46
40.851098	1.04992053312969e-46
40.945301	1.04256576993321e-46
41.039721	1.03531866353721e-46
41.134359	1.0281775452828098e-46
41.229215	1.02114016101904e-46
41.324290000000005	1.01420509100625e-46
41.419584	1.0073703306265595e-46
41.515098	1.0006341004889995e-46
41.610832	9.939950221091401e-47
41.706787	9.87451236827756e-47
41.802963	9.8100130511601e-47
41.899361	9.746437061162024e-47
41.995982	9.68376661838916e-47
42.092825	9.62198415927437e-47
42.189891	9.561074288316516e-47
42.287181	9.5010227687761e-47
42.384696000000005	9.441814755337998e-47
42.482435	9.383435578378224e-47
42.5804	9.325871127302495e-47
42.678591	9.26910726409721e-47
42.777008	9.213130207442703e-47
42.875652	9.157926718461243e-47
42.974524	9.103483519879323e-47
43.073623	9.04978748659764e-47
43.172951	8.99682602256e-47
43.272508	8.944586485278976e-47
43.372295	8.893056752030027e-47
43.472312	8.842224835941026e-47
43.572559000000005	8.792078696227228e-47
43.673038	8.742606986644282e-47
43.773748	8.693798113010522e-47
43.874691	8.645640794235846e-47
43.975866	8.59812424309704e-47
44.077275	8.55123723441e-47
44.178918	8.504969401756881e-47
44.280795	8.45931030579108e-47
44.382906	8.41424961834996e-47
44.485254	8.369777303601168e-47
44.587837	8.325883248853287e-47
44.690657	8.282557811256483e-47
44.793714	8.239791629796805e-47
44.897009	8.197575078092519e-47
45.000541	8.155898989920257e-47
45.104313	8.114754472852622e-47
45.208324	8.074132365342976e-47
45.312575	8.034023956802087e-47
45.417066	7.994420802825624e-47
45.521798	7.955314364819762e-47
45.626772	7.916696366720762e-47
45.731987	7.878558791472515e-47
45.837446	7.840893346294761e-47
45.943147	7.803692349020099e-47
46.049092	7.766948191744681e-47
46.155282	7.730652987953424e-47
46.261716	7.694799628080049e-47
46.368396	7.659380544944766e-47
46.475322	7.624388591885026e-47
46.582494	7.589816689158917e-47
46.689914	7.555657996730945e-47
46.797581	7.521905737824241e-47
46.905497	7.488553024853476e-47
47.013661	7.455593378425284e-47
47.122075	7.423020377930303e-47
47.230739	7.390827488686082e-47
47.339654	7.359008749162224e-47
47.448819	7.327557908536335e-47
47.558236	7.296468771196899e-47
47.667906	7.265735536832659e-47
47.777829	7.235352455765625e-47
47.888005	7.205313828174402e-47
47.998435	7.175613833910025e-47
48.10912	7.146247378830398e-47
48.22006	7.117208737329601e-47
48.331255	7.088492568830597e-47
48.442708	7.060093745604496e-47
48.554417	7.032007350414225e-47
48.666384	7.004228004682755e-47
48.778609	6.976750875140812e-47
48.891093	6.949571168071745e-47
49.003836	6.922684128723561e-47
49.116839	6.896085040728898e-47
49.230103	6.869769059764901e-47
49.343628	6.843732041829904e-47
49.457415000000005	6.817969380432018e-47
49.571464	6.7924765052563225e-47
49.685776	6.767249375203847e-47
49.800352	6.74228381641092e-47
49.915192	6.717575359385857e-47
50.030297	6.693120386889048e-47
50.145667	6.668914492750085e-47
50.261303000000005	6.644953793095396e-47
50.377206	6.6212347587409015e-47
50.493376	6.597753237168023e-47
50.609814	6.574505593055626e-47
50.726521000000005	6.551488379800222e-47
50.843497	6.528697691327447e-47
50.960742	6.506130133863397e-47
51.078258	6.483782177188095e-47
51.196045	6.461650477209666e-47
51.314103	6.4397317137477215e-47
51.432434	6.418022590203843e-47
51.551038	6.396519673280023e-47
51.669915	6.375219873060678e-47
51.789066	6.354120280605694e-47
51.908492	6.333217529695224e-47
52.028193	6.3125089127874e-47
52.148171000000005	6.291991106373185e-47
52.268425	6.27166128458004e-47
52.388956	6.251516798773154e-47
52.509766000000006	6.231554702398809e-47
52.63085400000001	6.211772226151212e-47
52.752221	6.192166619083041e-47
52.873868	6.172735305497049e-47
52.995795	6.153475569704465e-47
53.118004000000006	6.134384713669968e-47
53.240495	6.115460525988102e-47
53.363268000000005	6.096700341076899e-47
53.486324	6.078101666276761e-47
53.609663	6.059662180444224e-47
53.733288	6.041379421668721e-47
53.857197	6.023251253913663e-47
53.98139200000001	6.005275089564101e-47
54.105874	5.987448976017662e-47
54.230642	5.969770663732678e-47
54.355699	5.95223776265801e-47
54.48104300000001	5.934848359493089e-47
54.606677000000005	5.9176003987354805e-47
54.7326	5.900491683656964e-47
54.858814	5.883520184075663e-47
54.985319	5.866684035095526e-47
55.112116	5.849981076958562e-47
55.239205000000005	5.833409620851122e-47
55.366587	5.816967682826303e-47
55.494262	5.800653442804441e-47
55.622233	5.784465091260242e-47
55.750498	5.768400677200145e-47
55.879059	5.752458564161295e-47
56.007916	5.736636973548099e-47
56.137071	5.720934288112162e-47
56.266524	5.70534874867008e-47
56.396275	5.689878907613793e-47
56.526325	5.674522722807184e-47
56.656675	5.6592790661124e-47
56.787326	5.644146064411026e-47
56.918278	5.629122455040483e-47
57.04953199999999	5.614206382848065e-47
57.181088	5.59939675099969e-47
57.312948	5.584691721332024e-47
57.445113	5.570090211843371e-47
57.577581	5.555590550075558e-47
57.710356	5.541191370194043e-47
57.843436	5.526891462280356e-47
57.976824	5.512689474310144e-47
58.110519	5.4985839130389695e-47
58.244522	5.484573737336465e-47
58.378834	5.470657319787664e-47
58.513456000000005	5.456833780048223e-47
58.648389	5.443101799664399e-47
58.783632	5.429459919547162e-47
58.919188	5.415907276751105e-47
59.05505600000001	5.402442424713483e-47
59.191237	5.389064511421501e-47
59.327733	5.375772102597651e-47
59.464543000000006	5.362564356939026e-47
59.601669	5.349439998497954e-47
59.739111	5.336397903726411e-47
59.87687	5.323437246448321e-47
60.014946	5.310556767303488e-47
60.153341000000005	5.297755649776491e-47
60.292055000000005	5.2850326451328995e-47
60.431089	5.272386946329615e-47
60.570443	5.2598176051600015e-47
60.71011899999999	5.247323533081743e-47
60.850117	5.234903791443226e-47
60.990438	5.222557590580225e-47
61.131083	5.210284000196209e-47
61.272051	5.198081950175626e-47
61.41334499999999	5.185950663467026e-47
61.554965	5.173889366641009e-47
61.696911	5.161897146166336e-47
61.839185	5.149973236262595e-47
61.981786	5.138116587951651e-47
62.124717	5.126326586656897e-47
62.267977	5.114602334536704e-47
62.411567000000005	5.102943223572542e-47
62.555489	5.091348220371858e-47
62.69974200000001	5.079816866391557e-47
62.844328	5.068348135598223e-47
62.989248	5.056941433230625e-47
63.134501	5.0455960251048805e-47
63.28009	5.034311180294401e-47
63.426014	5.023086312850222e-47
63.572275	5.01192055621656e-47
63.718874	5.000813330512042e-47
63.86581	4.989764058380645e-47
64.013085	4.978771882730571e-47
64.160699	4.9678363730944e-47
64.308655	4.956956678412964e-47
64.456951	4.946132373275024e-47
64.605589	4.935362612562494e-47
64.75457	4.9246471161889e-47
64.903894	4.913985044431684e-47
65.053563	4.903375841243881e-47
65.203577	4.89281909281872e-47
65.353937	4.88231396783225e-47
65.504644	4.871860196858943e-47
65.655698	4.861456953774201e-47
65.807101	4.85110397311769e-47
65.95885200000001	4.840800573043043e-47
66.110954	4.83054621354116e-47
66.263406	4.82034035682624e-47
66.41620999999999	4.81018274474136e-47
66.569367	4.8000725658931365e-47
66.722876	4.790009427491235e-47
66.87674	4.779992938325049e-47
67.030958	4.770022570622501e-47
67.185532	4.760097798745444e-47
67.340462	4.75021823701793e-47
67.49575	4.740383501296248e-47
67.651395	4.730592933841635e-47
67.8074	4.720846291812224e-47
67.963764	4.71114305874629e-47
68.120489	4.701482720234881e-47
68.277576	4.691865174890479e-47
68.435024	4.682289637398564e-47
68.592836	4.672755872438483e-47
68.751012	4.663263509000463e-47
68.909552	4.653812177511026e-47
69.06845799999999	4.644401373524024e-47
69.22773000000001	4.6350307307236e-47
69.38736999999999	4.625699884200003e-47
69.54737800000001	4.616408606328964e-47
69.707755	4.607156398825369e-47
69.868501	4.597942900945689e-47
70.029619	4.588767753317136e-47
70.19110699999999	4.579630597929024e-47
70.35296899999999	4.570531213335617e-47
70.515203	4.561469243822498e-47
70.677812	4.552444200070809e-47
70.840795	4.543455864246245e-47
71.00415500000001	4.534503884625625e-47
71.167891	4.525588045345081e-47
71.332004	4.516707862492848e-47
71.49649699999999	4.507863256828127e-47
71.66136800000001	4.499053612750224e-47
71.82661999999999	4.49027885306885e-47
71.99225200000001	4.481538766935617e-47
72.15826700000001	4.472832742977602e-47
72.324665	4.464160840269374e-47
72.491446	4.4555224500900005e-47
72.658612	4.446917632855369e-47
72.826163	4.438345782469921e-47
72.994101	4.429806960672026e-47
73.162426	4.421300696951042e-47
73.33113900000001	4.412826655392099e-47
73.500241	4.40438476676052e-47
73.669733	4.395974696809609e-47
73.839616	4.38759624497849e-47
74.00989100000001	4.379249079051023e-47
74.18055799999999	4.3709330002330252e-47
74.351619	4.3626478104176466e-47
74.523074	4.354393180206276e-47
74.694925	4.3461689132303997e-47
74.867172	4.3379748137964165e-47
75.039817	4.329810686882209e-47
75.212859	4.321676206654848e-47
75.3863	4.313571179795088e-47
75.560142	4.305495413643077e-47
75.73438399999999	4.2974487161950407e-47
75.909028	4.289430896100009e-47
76.084075	4.281441762656529e-47
76.259525	4.2734808643219533e-47
76.43538000000001	4.2655484042795567e-47
76.611641	4.2576438018881295e-47
76.788308	4.249767130496643e-47
76.96538199999999	4.241917942080065e-47
77.142865	4.2340963107643547e-47
77.320757	4.226301920280197e-47
77.49906	4.21853458536101e-47
77.677773	4.210794251140689e-47
77.856898	4.2030804739065607e-47
78.036437	4.1953933296847357e-47
78.21639	4.18773237646148e-47
78.396757	4.1800976910056254e-47
78.577541	4.172489091367249e-47
78.758741	4.164906267127224e-47
78.940359	4.1573490378900647e-47
79.12239699999999	4.149817481531929e-47
79.30485300000001	4.142311160702522e-47
79.48773100000001	4.1348300253907366e-47
79.67103	4.1273738972188807e-47
79.854752	4.1199427267684e-47
80.038898	4.112536208225481e-47
80.22346800000001	4.105154293104484e-47
80.408464	4.0977966769812246e-47
80.593887	4.090463440206361e-47
80.779737	4.083154279390097e-47
80.966016	4.0758691475411564e-47
81.15272399999999	4.0686078702096e-47
81.339863	4.061370273512161e-47
81.527433	4.054156184129535e-47
81.715436	4.0469655565352247e-47
81.90387199999999	4.039798218191649e-47
82.092743	4.032653997118761e-47
82.28205	4.025532848785569e-47
82.471793	4.018434475201128e-47
82.661973	4.0113589593841e-47
82.852592	4.0043061308905703e-47
83.043651	3.9972756933761445e-47
83.23515	3.990267730496354e-47
83.427091	3.9832820731095046e-47
83.619475	3.976318426499136e-47
83.812302	3.96937687494608e-47
84.005574	3.9624572505947045e-47
84.199291	3.955559386124643e-47
84.393456	3.9486832404254014e-47
84.58806700000001	3.9418286469122567e-47
84.783128	3.934995564988848e-47
84.978639	3.9281837034501765e-47
85.1746	3.9213931477767837e-47
85.371013	3.9146237328381165e-47
85.56788	3.9078752940260016e-47
85.7652	3.90114779217056e-47
85.962975	3.8944411881897637e-47
86.161206	3.887755193681955e-47
86.359895	3.8810897703824494e-47
86.55904100000001	3.874445004601599e-47
86.758647	3.867820484774416e-47
86.958713	3.86121642208397e-47
87.15924100000001	3.854632406090595e-47
87.360231	3.8480686480368087e-47
87.561684	3.841524862561294e-47
87.763602	3.835001012938226e-47
87.965985	3.828496938772801e-47
88.168836	3.8220127274600407e-47
88.37215400000001	3.815548095435129e-47
88.57594	3.809103006920761e-47
88.780197	3.8026774262176084e-47
88.984925	3.7962711944765437e-47
89.190125	3.78988439958937e-47
89.395798	3.7835166370282078e-47
89.601945	3.7771681181689006e-47
89.80856800000001	3.7708386851940246e-47
90.01566700000001	3.764528180774e-47
90.223244	3.758236570673763e-47
90.4313	3.7519636982256254e-47
90.639835	3.7457096520532093e-47
90.848851	3.7394741535376e-47
91.058349	3.7332572915497685e-47
91.268331	3.7270587883281647e-47
91.478796	3.7208788549860494e-47
91.689747	3.7147172143104e-47
91.901184	3.70857383355972e-47
92.113109	3.7024486800624997e-47
92.325522	3.6963415996221147e-47
92.538426	3.6902525600076007e-47
92.75182	3.6841814076617636e-47
92.965707	3.6781282320854766e-47
93.180086	3.672092880057616e-47
93.39496	3.6660753199193767e-47
93.61033	3.660075520079362e-47
93.826196	3.654093207217215e-47
94.04256	3.648128471268121e-47
94.259423	3.642181281137169e-47
94.476786	3.636251485192921e-47
94.69465	3.630339052767025e-47
94.913016	3.6244439532560256e-47
95.131886	3.618566035812324e-47
95.351261	3.6127052702546566e-47
95.571142	3.606861626465408e-47
95.79153	3.6010349543733763e-47
96.012426	3.5952253441992046e-47
96.233831	3.5894326461918764e-47
96.455747	3.5836567110498e-47
96.678175	3.5778977488119596e-47
96.901115	3.572155371135121e-47
97.12457	3.566429788085649e-47
97.34854	3.560720731650625e-47
97.573027	3.5550282923873637e-47
97.798031	3.5493523222264803e-47
98.023554	3.543692792597777e-47
98.249597	3.5380496749910486e-47
98.476161	3.5324229409561004e-47
98.703248	3.5268124433287836e-47
98.930858	3.5212181540616086e-47
99.158994	3.5156401637515557e-47
99.387655	3.510078207203569e-47
99.616844	3.5045322568280994e-47
99.846561	3.499002403397955e-47
100.07681	3.4934885009475994e-47
100.30759	3.487990522060944e-47
100.5389	3.4825084393795246e-47
100.77074	3.477042107669601e-47
101.00312	3.471591499965369e-47
101.23603	3.466156707105625e-47
101.46948	3.4607375843051576e-47
101.70347	3.455333987203922e-47
101.938	3.449946006810081e-47
102.17307	3.444573499059121e-47
102.40868	3.439216554887556e-47
102.64484	3.4338749133270764e-47
102.88154	3.428548782623721e-47
103.11878	3.423237902284249e-47
103.35658	3.4179423633752406e-47
103.59492	3.4126620229840355e-47
103.83381	3.4073968553597443e-47
104.07325	3.4021468348056244e-47
104.31324	3.396912052245157e-47
104.55379	3.391692248868169e-47
104.79489	3.386487399409156e-47
105.03655	3.3812975949534766e-47
105.27876	3.376122693865745e-47
105.52154	3.3709627871600484e-47
105.76487	3.365817617454889e-47
106.00877	3.360687275959225e-47
106.25322	3.3555717377262087e-47
106.49824	3.350470977862008e-47
106.74383	3.345384855847204e-47
106.98998	3.340313347157136e-47
107.2367	3.3352564273190424e-47
107.48399	3.33021407191205e-47
107.73185	3.3251863718960407e-47
107.98028	3.320173072209249e-47
108.22928	3.315174148847402e-47
108.47886	3.310189807994002e-47
108.72901	3.3052196802816003e-47
108.97974	3.300263971909777e-47
109.23105	3.29532254401e-47
109.48294	3.290395372833025e-47
109.73541000000002	3.285482434680384e-47
109.98846	3.2805837059043997e-47
110.24209	3.275699162908177e-47
110.49631	3.270828667763281e-47
110.75112	3.2659723115265944e-47
111.00651	3.261129956540417e-47
111.26249	3.2563015796641683e-47
111.51906	3.2514872718505967e-47
111.77623	3.246686781887025e-47
112.03398	3.241900314785343e-47
112.29234	3.237127733560645e-47
112.55128	3.2323689016134766e-47
112.81083	3.2276239099767606e-47
113.07097	3.2228927358577286e-47
113.33171000000002	3.218175243055368e-47
113.59306	3.2134715225001003e-47
113.855	3.2087814382554503e-47
114.11755	3.204105081184225e-47
114.38071	3.199442202486544e-47
114.64447	3.1947930062500004e-47
114.90883999999998	3.1901572441015283e-47
115.17382	3.185535119897025e-47
115.43942	3.1809264984882086e-47
115.70562	3.1763312451025e-47
115.97244	3.1717494506143697e-47
116.23987	3.1671810930657967e-47
116.50792	3.1626260380729006e-47
116.77658999999998	3.1580843764108948e-47
117.04588	3.1535559739539607e-47
117.31579	3.149040809179226e-47
117.58632	3.144538972763722e-47
117.85747	3.140050330967104e-47
118.12925	3.135574974402025e-47
118.40166	3.1311126576717153e-47
118.67468999999998	3.126663583396929e-47
118.94836	3.122227506594815e-47
119.22265	3.117804517988416e-47
119.49758	3.1133947080312036e-47
119.77313999999998	3.108997832358543e-47
120.04934	3.1046139815979685e-47
120.32618	3.100243023390276e-47
120.60365	3.0958850482996834e-47
120.88176	3.091540035421161e-47
121.16052	3.087207963897201e-47
121.43991	3.082888590822756e-47
121.71996	3.078582228810729e-47
122.00064	3.0742886351278235e-47
122.28198	3.0700077893378006e-47
122.56396	3.065739671050884e-47
122.84659	3.061484370585124e-47
123.12988	3.0572417568289006e-47
123.41382	3.053011809532356e-47
123.69841	3.0487946189238806e-47
123.98366	3.0445900542624163e-47
124.26957	3.0403979851584167e-47
124.55613	3.036218612183449e-47
124.84336	3.032051804964901e-47
125.13125	3.027897433479556e-47
125.41981	3.0237556979839687e-47
125.70902	3.0196264684723827e-47
125.99891	3.0155096152863363e-47
126.28946	3.0114053383705287e-47
126.58069	3.007313398406529e-47
126.87259	3.00323388552936e-47
127.16515	2.999166780093201e-47
127.4584	2.995112062498688e-47
127.75232	2.9910696038115837e-47
128.04692	2.9870396033618554e-47
128.34219	2.9830217137661147e-47
128.63815	2.979016243533225e-47
128.93479	2.97502295490044e-47
129.23212	2.971041937780225e-47
129.53013	2.967073172897409e-47
129.82882	2.963116532154256e-47
130.12821	2.9591721053825287e-47
130.42829	2.955239764721688e-47
130.72906	2.951319599950402e-47
131.03052	2.9474114834446237e-47
131.33268	2.943515504930624e-47
131.63553000000002	2.9396316454569e-47
131.93908000000002	2.9357597777531047e-47
132.24333	2.931899991468485e-47
132.54828999999998	2.928052159567441e-47
132.85395	2.924216371648577e-47
133.16031	2.9203925009103354e-47
133.46738	2.9165806369013766e-47
133.77515	2.9127806530534887e-47
134.08364	2.908992638866084e-47
134.39283999999998	2.9052164680035995e-47
134.70275	2.9014522299169003e-47
135.01337	2.89769979850237e-47
135.32472	2.8939592631630243e-47
135.63678000000002	2.890230498026496e-47
135.94956000000002	2.886513592448657e-47
136.26306	2.8828084207876797e-47
136.57728	2.879115072352996e-47
136.89223	2.8754335289787616e-47
137.2079	2.871763665367921e-47
137.52431	2.8681054636524153e-47
137.84143999999998	2.86445901305088e-47
138.1593	2.860824295582277e-47
138.4779	2.857201186406436e-47
138.79723	2.8535897746760047e-47
139.1173	2.849989935778209e-47
139.4381	2.84640186552576e-47
139.75965	2.842825226058801e-47
140.08193	2.8392603197840996e-47
140.40496000000002	2.835706915838737e-47
140.72874	2.832164996811921e-47
141.05326000000002	2.8286347580779197e-47
141.37853	2.8251159693124003e-47
141.70455	2.8216087194794893e-47
142.03132	2.8181129911536046e-47
142.35885	2.814628660849476e-47
142.68713	2.8111559235122253e-47
143.01617	2.8076945497084887e-47
143.34596000000002	2.804244628304161e-47
143.67651999999998	2.800806142105448e-47
144.00784	2.7973790739650256e-47
144.33992	2.793963301066117e-47
144.67277	2.790559017850564e-47
145.00638999999998	2.7871661015299238e-47
145.34077	2.783784535142725e-47
145.67593	2.7804143017739567e-47
146.01186	2.777055384555076e-47
146.34856000000002	2.773707766664004e-47
146.68604	2.7703714313251244e-47
147.0243	2.767046467014729e-47
147.36334	2.763732751718656e-47
147.70316	2.760430268801208e-47
148.04377	2.7571390016731554e-47
148.38516	2.753859038746176e-47
148.72734	2.7505902584449e-47
149.0703	2.747332749150025e-47
149.41406	2.7440863895047844e-47
149.75861	2.7408512678596e-47
150.10395	2.7376272630756e-47
150.45009	2.7344143588903843e-47
150.79703	2.7312127481320357e-47
151.14477	2.7280222053427837e-47
151.49331	2.724842818800729e-47
151.84266000000002	2.72167457224824e-47
152.19281	2.7185173451964087e-47
152.54377	2.7153713301006244e-47
152.89553	2.7122363023482246e-47
153.24811	2.7091123501499563e-47
153.6015	2.7059995615237287e-47
153.95571	2.70289771236e-47
154.31073	2.699806994750889e-47
154.66657	2.6967272887805287e-47
155.02324	2.6936585786190246e-47
155.38072	2.690600848484004e-47
155.73903	2.6875541863238757e-47
156.09816999999998	2.684518472650922e-47
156.45813	2.6814937953921643e-47
156.81892	2.6784800352731567e-47
157.18055	2.6754772802002554e-47
157.54301	2.6724855145037437e-47
157.9063	2.669504619228001e-47
158.27043999999998	2.6665346822500003e-47
158.63541	2.6635756880452804e-47
159.00122	2.660627621137984e-47
159.36788	2.657690466100849e-47
159.73539	2.654764207555217e-47
160.10374	2.651848830171025e-47
160.47294	2.648944318666815e-47
160.84299	2.646050760689284e-47
161.21389	2.6431680380625003e-47
161.58565	2.6402961356513446e-47
161.95827	2.637435141081224e-47
162.33175	2.634584936491264e-47
162.70609	2.6317456094937637e-47
163.08129	2.628917144983089e-47
163.45736000000002	2.6260994254123237e-47
163.83428999999998	2.623292538375743e-47
164.21209	2.6204965712977948e-47
164.59077	2.617711304453476e-47
164.97031	2.614936825421208e-47
165.35074	2.6121732216117767e-47
165.73203999999998	2.609420273775225e-47
166.11422	2.6066781715870435e-47
166.49728000000002	2.6039469002276887e-47
166.88121999999998	2.601226342923961e-47
167.26605	2.5985164851173157e-47
167.65177	2.595817414197225e-47
168.03837	2.5931291155461764e-47
168.42587	2.590451574597442e-47
168.81426000000002	2.587784776835076e-47
169.20355	2.5851286061056e-47
169.59373	2.582483251423321e-47
169.98481999999998	2.579848596684099e-47
170.37681	2.577224627575129e-47
170.7697	2.5746114313156417e-47
171.16349	2.57200889211053e-47
171.5582	2.569417097178724e-47
171.95381	2.5668359309304004e-47
172.35034	2.5642654805849297e-47
172.74778	2.561705731983616e-47
173.14614	2.559156671019664e-47
173.54541	2.5566182836381687e-47
173.94561000000002	2.554090555836121e-47
174.34673	2.5515734736624037e-47
174.74877	2.5490671241943697e-47
175.15175	2.546571392509225e-47
175.55565	2.544086264812096e-47
175.96048000000002	2.5416119290176044e-47
176.36625	2.5391481695815204e-47
176.77295	2.536695073596996e-47
177.18059	2.5342525266496003e-47
177.58917	2.5318207164744006e-47
177.99868999999998	2.529399629300769e-47
178.40916	2.526989050335556e-47
178.82057	2.5245891671841e-47
179.23293	2.5221998657940644e-47
179.64623999999998	2.519821233148041e-47
180.06051000000002	2.5174532557444407e-47
180.47573	2.515095819834361e-47
180.89191	2.512749112674241e-47
181.30905	2.510412920368441e-47
181.72715	2.508087430094482e-47
182.14621	2.5057725283668646e-47
182.56624	2.50346830207824e-47
182.98724	2.501174637945026e-47
183.40921	2.498891622877225e-47
183.83215	2.4966191437923995e-47
184.25607	2.494357387505764e-47
184.68097	2.492106141158001e-47
185.10684	2.489865591493809e-47
185.5337	2.487635625697209e-47
185.96154	2.485416230894601e-47
186.39037	2.4832074939312638e-47
186.82019	2.4810094019118237e-47
187.251	2.478821842421824e-47
187.6828	2.4766450018736046e-47
188.1156	2.474478668433425e-47
188.54939	2.4723229290066807e-47
188.98419	2.4701778703814567e-47
189.41999	2.468043479871649e-47
189.85679	2.465919546216676e-47
190.2946	2.463806354921536e-47
190.73343	2.4617037941136e-47
191.17326	2.459611752147728e-47
191.61411	2.457530415045225e-47
192.05597	2.4554595721288366e-47
192.49885	2.4533995084308087e-47
192.94276	2.4513500134321e-47
193.38768	2.4493110749652256e-47
193.83364	2.447282779860361e-47
194.28062	2.4452652148421297e-47
194.72863	2.4432581699556243e-47
195.17768	2.441261830902129e-47
195.62776	2.4392760867847846e-47
196.07888	2.4373009256647834e-47
196.53104	2.4353365330586417e-47
196.98424	2.433382699590241e-47
197.43849	2.431439512117641e-47
197.89378	2.4295070574008993e-47
198.35012	2.4275851264809e-47
198.80752	2.42567390477916e-47
199.26597	2.4237733805398883e-47
199.72548	2.421883542068495e-47
200.18605	2.4200042793445216e-47
200.64768	2.418135777607936e-47
201.11038	2.416277828611201e-47
201.57414	2.414430715838449e-47
202.03897	2.4125941329672257e-47
202.50487	2.4107683633797753e-47
202.97185	2.4089531992637427e-47
203.43991	2.407148727540804e-47
203.90904	2.4053550350475617e-47
204.37926	2.4035720124326436e-47
204.85056	2.4017996485692816e-47
205.32294	2.400038030373489e-47
205.79642	2.3982871467360997e-47
206.27099	2.3965469866116e-47
206.74665	2.394817636891876e-47
207.22341	2.3930988908760997e-47
207.70127	2.3913910312262003e-47
208.18023	2.3896937536360366e-47
208.66029	2.3880073406865627e-47
209.14147	2.3863316838088357e-47
209.62375	2.3846667723025004e-47
210.10714	2.383012693164321e-47
210.59165	2.3813693381241757e-47
211.07728	2.379736794242115e-47
211.56402000000003	2.3781150509782406e-47
212.05189	2.376504097858801e-47
212.54088	2.374903924476196e-47
213.031	2.3733146179223287e-47
213.52226	2.3717360704237287e-47
214.01464	2.370168369140625e-47
214.50816	2.3686116011714564e-47
215.00282	2.3670655616400043e-47
215.49861	2.365530435084962e-47
215.99556	2.3640062113762086e-47
216.49364	2.362492880452324e-47
216.99288	2.3609903351405287e-47
217.49327	2.3594987599075833e-47
217.99481	2.3580180476871846e-47
218.4975	2.356548188692681e-47
219.00136	2.3550892702646438e-47
219.50638	2.353641379692965e-47
220.01256	2.352204313221841e-47
220.51991	2.3507782552806243e-47
221.02844	2.3493630993124417e-47
221.53813	2.347958932770564e-47
222.049	2.3465657461804964e-47
222.56104	2.345183626993216e-47
223.07427	2.343812372140095e-47
223.58868	2.342452166040996e-47
224.10428	2.341102999422916e-47
224.62107000000003	2.339764863085456e-47
225.13904	2.338437747900816e-47
225.65822000000003	2.337121644813795e-47
226.17859	2.3358166415023703e-47
226.70016	2.334522728976201e-47
227.22293	2.3332398017116413e-47
227.74691	2.331968044107025e-47
228.27209	2.3307074473148007e-47
228.79849	2.3294579060337637e-47
229.3261	2.3282194116438757e-47
229.85493	2.326992148554649e-47
230.38497	2.3257761081426005e-47
230.91624	2.3245710890056354e-47
231.44874	2.3233773720306256e-47
231.98246	2.3221947559923347e-47
232.51741	2.321023425354001e-47
233.0536	2.319863275471682e-47
233.59102	2.3187142981809005e-47
234.12969	2.317576677958655e-47
234.66959	2.316450214135225e-47
235.21074	2.315335091249041e-47
235.75314	2.314231205092849e-47
236.29679	2.3131386440099994e-47
236.84169	2.3120574001641635e-47
237.38785	2.3109874657983606e-47
237.93527000000003	2.3099289293584e-47
238.48395	2.3088816870789764e-47
239.03389	2.3078458275219357e-47
239.58511	2.306821439243161e-47
240.13759	2.305808322681889e-47
240.69135	2.304806758610409e-47
241.24639	2.303816547651921e-47
241.8027	2.3028377786036637e-47
242.3603	2.3018705402629686e-47
242.91919	2.3009147295582e-47
243.47936	2.299970339496036e-47
244.04083	2.2990375549584003e-47
244.60359	2.2981163690009286e-47
245.16764	2.297206583047489e-47
245.733	2.2963084779549687e-47
246.29967	2.2954218553347206e-47
246.86763	2.294546900242041e-47
247.43691	2.293683510317056e-47
248.0075	2.2928317748915287e-47
248.57941	2.2919917833120006e-47
249.15264	2.291163337745604e-47
249.72719	2.2903466234443555e-47
250.30306	2.289541634214025e-47
250.88026	2.2887482682664966e-47
251.45879	2.287966710963025e-47
252.03866	2.2871969563239043e-47
252.61986	2.2864389028252836e-47
253.2024	2.2856927359485613e-47
253.78629	2.2849582587301687e-47
254.37152000000003	2.284235752355041e-47
254.95811	2.283525020055048e-47
255.54604	2.2828261519448994e-47
256.13532999999995	2.282139238171081e-47
256.72598	2.2814641778556246e-47
257.31799	2.2808011568147567e-47
257.91137000000003	2.2801499788390557e-47
258.50612	2.2795108298737286e-47
259.10223	2.278883704899025e-47
259.69973	2.2782685035265205e-47
260.29859	2.2776654118614485e-47
260.89885	2.2770744251274e-47
261.50048	2.276495443217957e-47
262.1035	2.275928556996248e-47
262.70792	2.2753738573726416e-47
263.31372000000005	2.274831244526481e-47
263.92092	2.2743008095368993e-47
264.52953	2.273782643534809e-47
265.13954	2.2732766469898807e-47
265.75095	2.272782815858944e-47
266.36377000000005	2.2723013368702443e-47
266.97801	2.2718321107875997e-47
267.59366	2.2713752291488086e-47
268.21074	2.2709305929355236e-47
268.82923	2.2704983891640097e-47
269.44915	2.27007851900628e-47
270.07051	2.269671074334226e-47
270.69329	2.269276051812561e-47
271.31751	2.2688934482074077e-47
271.94317	2.268523355644324e-47
272.57028	2.2681657710696964e-47
273.19882	2.2678206915328806e-47
273.82882	2.2674882094225004e-47
274.46027000000004	2.2671682267441003e-47
275.09318	2.266860931302969e-47
275.72755	2.266566225307024e-47
276.36338	2.266284106305025e-47
277.00067	2.2660147623609757e-47
277.63944	2.2657580960004e-47
278.27968	2.265514200266724e-47
278.92139	2.265282977910121e-47
279.56459	2.265064617363025e-47
280.20927	2.264859021586225e-47
280.85543	2.2646662840201004e-47
281.50309	2.2644864030244003e-47
282.15223	2.264319472237956e-47
282.80288	2.264165395063009e-47
283.45503	2.264024360515225e-47
284.10868	2.263896272215561e-47
284.76383	2.263781129065681e-47
285.4205	2.2636791203907686e-47
286.07868	2.2635901501488047e-47
286.73838	2.263514217571216e-47
287.3996	2.263451512305025e-47
288.06235	2.263401938650176e-47
288.72662	2.2633654961752805e-47
289.39243	2.263342279712409e-47
290.05977	2.263332384207049e-47
290.72865	2.2633357144227847e-47
291.39907	2.263352365538209e-47
292.07104	2.263382337700324e-47
292.74456000000004	2.263425726324676e-47
293.41963	2.2634824366449006e-47
294.09626000000003	2.2635526594688637e-47
294.77444	2.26363630026997e-47
295.4542	2.263733454949264e-47
296.13552000000004	2.263844219536384e-47
296.81841000000003	2.263968499867684e-47
297.50287000000003	2.264106297055875e-47
298.18892	2.264257802671524e-47
298.87654	2.2644229229182096e-47
299.56575	2.264601754460224e-47
300.25656000000004	2.264794394100736e-47
300.94895	2.265000748416576e-47
301.64294	2.265220819280896e-47
302.33853	2.2654547990784367e-47
303.03573	2.2657026899624034e-47
303.73453	2.26596439900961e-47
304.43494	2.266240119031849e-47
305.13697	2.2665297573672244e-47
305.84062	2.266833411903076e-47
306.54589	2.2671510854521e-47
307.25279	2.2674828761928367e-47
307.96131	2.2678287872190753e-47
308.67148	2.268188821756036e-47
309.38327000000004	2.268563078419224e-47
310.09672	2.2689514654541446e-47
310.8118	2.2693542723075994e-47
311.52853	2.269771216957456e-47
312.24692000000005	2.2702025891694483e-47
312.96697	2.270648393045041e-47
313.68867	2.271108537510201e-47
314.41204	2.2715831222323837e-47
315.13708	2.272072247055081e-47
315.86378	2.272575821314681e-47
316.59217	2.273094040504575e-47
317.32223	2.2736268142489685e-47
318.05398	2.274174338396417e-47
318.78741	2.2747364274748087e-47
319.52254	2.2753132776595363e-47
320.25936	2.2759049899509163e-47
320.99788	2.276511379265601e-47
321.73811	2.277132737753345e-47
322.48004	2.2777688806045284e-47
323.22368	2.2784200049088035e-47
323.96903	2.279086117050625e-47
324.71611	2.2797672235604633e-47
325.46491000000003	2.280463426623204e-47
326.21543	2.2811747331060243e-47
326.96769	2.281901150024001e-47
327.72168	2.2826426845401004e-47
328.47741	2.2833995351049e-47
329.23488	2.284171613688065e-47
329.9941	2.284959119152516e-47
330.75506	2.2857618681681633e-47
331.51779	2.2865800599672043e-47
332.28227000000004	2.2874137027633963e-47
333.04852	2.2882628049241e-47
333.81653	2.289127566349584e-47
334.58631	2.2900078044086756e-47
335.35787	2.2909037193849953e-47
336.13121	2.2918153203764634e-47
336.90633	2.2927426166384644e-47
337.68324	2.293685617583844e-47
338.46194	2.294644524392704e-47
339.24243	2.295619251089641e-47
340.02473	2.296609999315681e-47
340.80883	2.2976165875715995e-47
341.59474	2.298639217903876e-47
342.38246000000004	2.2996779008718484e-47
343.17199	2.3007327431301155e-47
343.96335	2.301803659677456e-47
344.75653	2.302890853518026e-47
345.55154	2.3039942400036003e-47
346.34839	2.305113926606404e-47
347.14707000000004	2.3062500210586247e-47
347.94759	2.307402439214041e-47
348.74996	2.308571385284025e-47
349.55418	2.309756775485042e-47
350.36026	2.3109587183946244e-47
351.16819	2.3121773228610256e-47
351.97799	2.313412601810704e-47
352.78965	2.314664568343521e-47
353.60319	2.3159332357327355e-47
354.4186	2.317218809975001e-47
355.23589	2.3185212085506256e-47
356.05507	2.319840541666729e-47
356.87613	2.321176823459649e-47
357.69909	2.3225301646284963e-47
358.52395	2.323900579749904e-47
359.35071	2.3252881800225637e-47
360.17937	2.3266929804696353e-47
361.00995	2.3281149962959356e-47
361.84244	2.3295543394188497e-47
362.67685	2.3310110254970246e-47
363.51319	2.3324851669644807e-47
364.35145	2.3339766833175027e-47
365.19165	2.3354858807282245e-47
366.03379	2.3370125825049635e-47
366.87786	2.338556998759641e-47
367.72389	2.3401190497997293e-47
368.57186	2.3416989463388165e-47
369.42179	2.343296609096881e-47
370.27368	2.3449122493984357e-47
371.12753	2.3465457883809644e-47
371.98336	2.348197341072804e-47
372.84115	2.349866925881476e-47
373.70093	2.351554658394561e-47
374.56268	2.353260654534724e-47
375.42643	2.354984836450595e-47
376.29216	2.3567274176227683e-47
377.1599	2.3584883206328993e-47
378.02963	2.360267759612569e-47
378.90137	2.3620655603793947e-47
379.77512	2.3638820348528994e-47
380.65088	2.365717203772321e-47
381.52867	2.367570990766864e-47
382.40848	2.36944361157876e-47
383.29031	2.371335087678736e-47
384.17418	2.3732455381770244e-47
385.06009	2.375174887606756e-47
385.94804	2.377123255574001e-47
386.83804	2.379090859605625e-47
387.73009	2.381077624986369e-47
388.6242	2.3830836723182437e-47
389.52037	2.3851090249060835e-47
390.41861	2.3871538039860637e-47
391.31892	2.3892181311776404e-47
392.2213	2.3913020306854806e-47
393.1257700000001	2.393405624778025e-47
394.03232	2.3955288403396003e-47
394.94096	2.397671996028841e-47
395.8517	2.3998350193483207e-47
396.76453	2.4020180338897687e-47
397.67948	2.4042211636481637e-47
398.59653	2.4064445330256244e-47
399.51569	2.4086880705217686e-47
400.43698	2.410952097493809e-47
401.36039	2.4132365430876163e-47
402.28593	2.415541533089281e-47
403.21361	2.417867390394225e-47
404.14342	2.4202139467489e-47
405.07538	2.4225815259545286e-47
406.00948	2.424970255656169e-47
406.94575	2.4273801654025e-47
407.88417	2.4298114821619243e-47
408.82475	2.4322644335480493e-47
409.7675	2.43473924782793e-47
410.71243	2.4372359564569006e-47
411.65954	2.439755085091129e-47
412.60883	2.4422966664816044e-47
413.5603	2.4448611292183684e-47
414.51398	2.447448804059809e-47
415.46985	2.450060220674889e-47
416.42793	2.4526959100899997e-47
417.38821	2.455356305608704e-47
418.35071	2.458042436665202e-47
419.31543	2.460755236e-47
420.28238	2.4634957379682243e-47
421.25155	2.466265674803121e-47
422.22296	2.4690670811252643e-47
423.19661	2.471902493769361e-47
424.17251	2.474775848800162e-47
425.15065	2.4776920875692413e-47
426.13105	2.4806585545641e-47
427.11371	2.4836860018476496e-47
428.0986400000001	2.4867906948238237e-47
429.08584	2.489998523013225e-47
430.07531	2.4933524249104e-47
431.06707	2.4969283440870765e-47
432.06111	2.500871475933796e-47
433.05745	2.505487507974026e-47
434.05608	2.511518336732601e-47
435.05702	2.521176254451855e-47
436.06027	2.5438058320563364e-47
437.06582	2.664409561890561e-47
438.0737	1.5271635775971599e-46
439.0839	2.6188033513200247e-47
440.09643	2.5487832869465753e-47
441.1113	2.537105166999225e-47
442.12851	2.534941746722025e-47
443.14806	2.535645965619204e-47
444.16996	2.5375131778502247e-47
445.19422	2.5399475180436644e-47
446.22084	2.5426967610256e-47
447.24983	2.5456398193835567e-47
448.28119	2.5487125068006246e-47
449.31493	2.5518782788221617e-47
450.35105	2.5551152662299035e-47
451.38957	2.5584095392027287e-47
452.43047	2.561752093972516e-47
453.47378	2.5651368419524e-47
454.5195	2.5685595037977643e-47
455.56762	2.572017209373481e-47
456.61816	2.5755076902915993e-47
457.67113	2.5790292818127357e-47
458.72652	2.5825810264482e-47
459.78435	2.5861619643710405e-47
460.84462	2.589771438701208e-47
461.90733	2.593408892823529e-47
462.9724900000001	2.597073972635025e-47
464.04011	2.600766527239521e-47
465.1101900000001	2.604486201383889e-47
466.18273	2.6082329454230444e-47
467.25776	2.612006505330849e-47
468.33526	2.61580703569152e-47
469.41524	2.6196342822637684e-47
470.49772	2.6234883999999996e-47
471.58269	2.6273692369369e-47
472.67016	2.6312769486086757e-47
473.76014	2.6352114858447205e-47
474.85264000000006	2.6391729022401603e-47
475.94765	2.6431612517158557e-47
477.0451900000001	2.6471765885184e-47
478.14526	2.6512189672201216e-47
479.24786	2.65528844271908e-47
480.35301	2.659385173377529e-47
481.46071	2.663509111766416e-47
482.57096	2.66766052036e-47
483.68378	2.6718392490865686e-47
484.79915	2.676045561399082e-47
485.91711	2.6802796181878886e-47
487.03763	2.684541270128481e-47
488.16075	2.6888307823999703e-47
489.28645	2.6931482135936005e-47
490.41475	2.697493622634801e-47
491.54565	2.701867172742143e-47
492.67916	2.7062689237633447e-47
493.81528	2.7106990400118764e-47
494.95402	2.7151575822662766e-47
496.09539	2.719644715945368e-47
497.23939	2.7241603983801003e-47
498.38602	2.7287049003180485e-47
499.53531	2.733278284423696e-47
500.68724	2.7378806137071205e-47
501.84183	2.742512056262001e-47
502.99908	2.7471726760564844e-47
504.159	2.751862642323601e-47
505.32159	2.7565820199982445e-47
506.48687	2.7613309794634234e-47
507.65483	2.766109586629489e-47
508.82549000000006	2.7709180130401e-47
509.99884	2.7757563255898084e-47
511.1749	2.780624591530384e-47
512.3536799999999	2.785523089583025e-47
513.53517	2.7904517826245284e-47
514.71938	2.795410950749316e-47
515.90633	2.8004005576537206e-47
517.09601	2.805420778885729e-47
518.28844	2.8104717907376887e-47
519.48362	2.8155535580041e-47
520.68155	2.820666470342809e-47
521.88225	2.8258104936726083e-47
523.08571	2.830985700312064e-47
524.29195	2.836192269463569e-47
525.50097	2.841430381094761e-47
526.71278	2.8467001092345754e-47
527.9273900000001	2.852001635098226e-47
529.1447900000001	2.857335033770115e-47
530.365	2.8627003807156816e-47
531.58803	2.8680979659998756e-47
532.8138700000001	2.873527866458209e-47
534.04255	2.8789900520008406e-47
535.27405	2.884484922174801e-47
536.5084	2.8900123405572246e-47
537.74559	2.8955727083966753e-47
538.98564	2.9011658899507847e-47
540.2285400000001	2.906792288184977e-47
541.47431	2.9124518759767687e-47
542.72296	2.918144734221025e-47
543.97448	2.9238711605002247e-47
545.2288900000001	2.9296312371406237e-47
546.4861900000001	2.935425046870968e-47
547.74639	2.9412527812891237e-47
549.0095	2.947114524252889e-47
550.27552	2.953010468708881e-47
551.54446	2.9589408084456104e-47
552.81633	2.9649056291968096e-47
554.09112	2.9709050171080807e-47
555.3688599999999	2.976939276982225e-47
556.64955	2.9830083872217767e-47
557.9331900000001	2.989112544891729e-47
559.21978	2.9952518384632357e-47
560.50935	3.0014265759667288e-47
561.8018900000001	3.0076367377056253e-47
563.09741	3.0138826333456006e-47
564.39591	3.0201642441524397e-47
565.69742	3.0264817714139616e-47
567.00192	3.0328355274465947e-47
568.30943	3.0392253848888996e-47
569.61995	3.045651767755776e-47
570.9335	3.052114659926808e-47
572.25008	3.058614155858121e-47
573.56969	3.065150571895204e-47
574.89235	3.0717240040744957e-47
576.2180599999999	3.078334659838564e-47
577.54682	3.0849826364644007e-47
578.87865	3.0916680316728987e-47
580.2135400000001	3.098391054955248e-47
581.55152	3.1051519167321006e-47
582.89258	3.111950716789321e-47
584.23674	3.11878766705545e-47
585.5839900000001	3.125662868586383e-47
586.93435	3.132576534830625e-47
588.28783	3.1395287681240037e-47
589.6444299999999	3.146519783447104e-47
591.00415	3.1535497967385744e-47
592.3670099999999	3.1606188000231604e-47
593.7330099999999	3.167727122979224e-47
595.10217	3.174874871376783e-47
596.47448	3.18206226427244e-47
597.84995	3.1892892958068487e-47
599.2286	3.1965562993052157e-47
600.61042	3.20386349638776e-47
601.9954299999999	3.211210882997209e-47
603.38364	3.218598795428415e-47
604.77505	3.226027230708129e-47
606.1696599999999	3.233496527000964e-47
607.5675	3.2410066824256003e-47
608.96855	3.248558037031129e-47
610.37284	3.256150818286864e-47
611.78036	3.2637849119070236e-47
613.1911299999999	3.271460774989225e-47
614.60516	3.2791785231485446e-47
616.0224400000001	3.286938157830625e-47
617.44299	3.294740139629929e-47
618.8668200000001	3.302584471525688e-47
620.2939299999999	3.310471386596416e-47
621.72433	3.3184010037580963e-47
623.15804	3.3263735577772837e-47
624.59504	3.3343892844772394e-47
626.03536	3.3424481894881004e-47
627.47901	3.3505507414593636e-47
628.92598	3.358696831690225e-47
630.37629	3.366886931113925e-47
631.8299400000001	3.3751209319156804e-47
633.2869400000001	3.383399307330025e-47
634.74731	3.3917220669110477e-47
636.21104	3.4000894534017947e-47
637.67815	3.4085015938758766e-47
639.14864	3.416958849748081e-47
640.62252	3.4254612329536006e-47
642.0998	3.434009106975561e-47
643.58049	3.442602484953025e-47
645.0645900000001	3.4512417324529006e-47
646.55211	3.459926863826448e-47
648.0430700000001	3.468658364530489e-47
649.53746	3.4774361326440997e-47
651.0353	3.486260419860968e-47
652.53659	3.4951315972510437e-47
654.04134	3.504049800850224e-47
655.54957	3.5130151672416367e-47
657.06127	3.522027952248976e-47
658.57646	3.53108829400752e-47
660.09514	3.540196569201601e-47
661.6173200000001	3.549352798838024e-47
663.14302	3.5585572424787364e-47
664.67223	3.567810160860201e-47
666.20497	3.5771116962815984e-47
667.74125	3.586462111378084e-47
669.2810599999999	3.595861550043009e-47
670.82443	3.605310396912169e-47
672.37136	3.61480867771184e-47
673.92185	3.6243566589168987e-47
675.47592	3.633954728773264e-47
677.03357	3.6436027944811687e-47
678.5948099999999	3.653301246077025e-47
680.1596599999999	3.663050354413322e-47
681.72811	3.6728502703620246e-47
683.30018	3.682701266749697e-47
684.8758799999999	3.692603374572025e-47
686.45521	3.702557111546881e-47
688.03818	3.7125625105016006e-47
689.6248	3.722619848252176e-47
691.21508	3.73272940286849e-47
692.80903	3.7428912089639277e-47
694.40665	3.7531057911844087e-47
696.0079599999999	3.763373186010243e-47
697.6129599999999	3.7736936755776087e-47
699.2216599999999	3.7840674202710766e-47
700.83407	3.794494704280898e-47
702.4502	3.804975813084196e-47
704.07005	3.815510909911685e-47
705.6936400000001	3.8261004060304e-47
707.32098	3.8367442191657645e-47
708.95207	3.847442886562082e-47
710.58691	3.8581964512419246e-47
712.2255299999999	3.869005329366242e-47
713.86793	3.8798695653828007e-47
715.51412	3.890789577925637e-47
717.1641	3.9017655378049964e-47
718.81788	3.9127976164648816e-47
720.47548	3.9238862365467606e-47
722.1369	3.9350315718288997e-47
723.80216	3.9462337967311366e-47
725.47125	3.957493212132099e-47
727.14419	3.9688099942740623e-47
728.82099	3.9801845723996175e-47
730.50166	3.991617125128514e-47
732.1862	4.003107831733923e-47
733.87463	4.014657125587684e-47
735.56695	4.0262649345567357e-47
737.2631700000001	4.037931948236177e-47
738.96331	4.049658096181777e-47
740.6673599999999	4.0614438169737627e-47
742.37535	4.0732891684056256e-47
744.08727	4.085194719518784e-47
745.80314	4.0971605301923564e-47
747.52297	4.109186788437721e-47
749.24676	4.1212740681225e-47
750.97453	4.1334223031398094e-47
752.70628	4.1456320704158883e-47
754.4420299999999	4.1579034339852488e-47
756.18178	4.170236586962161e-47
757.9255400000001	4.1826321111859847e-47
759.67332	4.195090073335225e-47
761.42514	4.207610799477802e-47
763.1809900000001	4.2201944872245757e-47
764.9408900000001	4.232841595125264e-47
766.70485	4.245552193041605e-47
768.47288	4.258326742292736e-47
770.2449799999999	4.2711653143474076e-47
772.02117	4.2840685042176156e-47
773.8014599999999	4.297036385582656e-47
775.58585	4.310069294649924e-47
777.3743599999999	4.3231674376368015e-47
779.16699	4.3363312848822756e-47
780.96375	4.3495610452448036e-47
782.7646599999999	4.362856928309476e-47
784.5697200000001	4.376219276694002e-47
786.37895	4.389648567062926e-47
788.1923400000001	4.403144880302809e-47
790.00992	4.416708563055685e-47
791.83169	4.430339830396803e-47
793.65766	4.444039298122383e-47
795.48784	4.457806917576099e-47
797.3222400000001	4.47164330790041e-47
799.16087	4.485548555680644e-47
801.00374	4.499523015738256e-47
802.85086	4.513567044483394e-47
804.7022400000001	4.527680865345935e-47
806.55789	4.541865106876321e-47
808.41782	4.556119725931226e-47
810.28204	4.570445219284624e-47
812.1505599999999	4.584841950754521e-47
814.02338	4.599310150149798e-47
815.90052	4.61385031975824e-47
817.782	4.628462692233633e-47
819.6678099999999	4.643147637297315e-47
821.5579700000001	4.6579056628201995e-47
823.45249	4.672736869056399e-47
825.35138	4.6876420408514485e-47
827.25464	4.702621418738243e-47
829.1623	4.7176756561742435e-47
831.07435	4.732804997298223e-47
832.99082	4.748010376132863e-47
834.9117	4.7632924558921005e-47
836.83701	4.778652179817616e-47
838.76676	4.794090911911878e-47
840.7009699999999	4.8096104403360235e-47
842.6396300000001	4.825213675482564e-47
844.58276	4.840905215704997e-47
846.53038	4.856693451780363e-47
848.4824800000001	4.8725954842324405e-47
850.4390900000001	4.888649920292161e-47
852.40021	4.9049656574116e-47
854.36585	4.921953574836496e-47
856.33603	4.942461612785449e-47
858.31074	5.313854370723722e-47
860.2900099999999	4.979692033026489e-47
862.27385	4.987391742475022e-47
864.26226	5.002499776635904e-47
866.25525	5.0185847134809e-47
868.25285	5.034991925236328e-47
870.25504	5.051571472550465e-47
872.26186	5.068274522994225e-47
874.2733	5.085081443399049e-47
876.28938	5.101983326692561e-47
878.31011	5.118975498504256e-47
880.3355	5.136055689038401e-47
882.36556	5.1532227609744e-47
884.4003	5.170475999864482e-47
886.43974	5.187815117667122e-47
888.4838699999999	5.205240112022501e-47
890.5327199999999	5.222750979571611e-47
892.5863	5.240347860721009e-47
894.64461	5.258031185872088e-47
896.7076699999999	5.275800951514682e-47
898.7754800000001	5.293657735155728e-47
900.84807	5.311601679901694e-47
902.92543	5.329633074800894e-47
905.00758	5.347752502332241e-47
907.09454	5.365960108365798e-47
909.1863	5.384256332210064e-47
911.28289	5.402641762102225e-47
913.38432	5.42111640018936e-47
915.49059	5.439680837572865e-47
917.60172	5.458335520541402e-47
919.71771	5.477080749319204e-47
921.83859	5.495916973340303e-47
923.96436	5.514844643999998e-47
926.09503	5.533864065882915e-47
928.23061	5.552975544524097e-47
930.37112	5.572179834291225e-47
932.51656	5.5914770953924e-47
934.66695	5.610867787587076e-47
936.8223	5.630352372634275e-47
938.98262	5.649931163968577e-47
941.14792	5.669604777181283e-47
943.31821	5.689373378364227e-47
945.49351	5.709237738012004e-47
947.67383	5.729197873846223e-47
949.85917	5.749254560697922e-47
952.04955	5.769408121824398e-47
954.24499	5.789659033656483e-47
956.44548	5.810007622240835e-47
958.65105	5.830454367337744e-47
960.86171	5.850999903765241e-47
963.07746	5.871644409742336e-47
965.29833	5.892388370467236e-47
967.52431	5.913232273231936e-47
969.75543	5.934176761497664e-47
971.99169	5.955222018907225e-47
974.23312	5.976368692878529e-47
976.4797	5.997617124272657e-47
978.73147	6.018967810148048e-47
980.98844	6.040421249701608e-47
983.2506	6.061977788559614e-47
985.51799	6.08363792938704e-47
987.7906	6.105402333281478e-47
990.06845	6.127271351518323e-47
992.35156	6.149245336431379e-47
994.63993	6.171324955643962e-47
996.93357	6.193510565299601e-47
999.23251	6.215802522610318e-47
1001.5367	6.238201659750367e-47
1003.8463	6.260708180381766e-47
1006.1612	6.283322763712568e-47
1008.4814	6.306045774678226e-47
1010.807	6.328877579303049e-47
1013.1379	6.35181902289e-47
1015.4742	6.374870316556224e-47
1017.8159	6.398031991314602e-47
1020.163	6.421304740705938e-47
1022.5155	6.444688780034763e-47
1024.8734	6.468184807100678e-47
1027.2368	6.491793362015556e-47
1029.6056	6.515514825750121e-47
1031.9799	6.539349742132517e-47
1034.3596	6.563298657299344e-47
1036.7449	6.587362119704355e-47
1039.1356	6.6115406801271615e-47
1041.5319	6.635834728760687e-47
1043.9336	6.66024482016433e-47
1046.341	6.6847715112443045e-47
1048.7538	6.709415361262443e-47
1051.1723	6.734176931844961e-47
1053.5963	6.759056786991289e-47
1056.0259	6.7840553283521305e-47
1058.4611	6.809173123785798e-47
1060.9019	6.834410743545024e-47
1063.3483	6.859768760285841e-47
1065.8004	6.885247583121665e-47
1068.2582	6.910847954880098e-47
1070.7216	6.936570455477776e-47
1073.1907	6.962415500388098e-47
1075.6655	6.988383673481811e-47
1078.146	7.01447539357622e-47
1080.6322	7.040691584151241e-47
1083.1241	7.067032501134739e-47
1085.6218	7.093498905759744e-47
1088.1253	7.12009122548069e-47
1090.6345	7.146810058060864e-47
1093.1495	7.173656173158722e-47
1095.6703	7.200629835075622e-47
1098.1969	7.227731818180623e-47
1100.7294	7.254962559940625e-47
1103.2677	7.282323011094783e-47
1105.8118	7.309813272522917e-47
1108.3618	7.337434300380622e-47
1110.9177	7.365186541042225e-47
1113.4795	7.393070614123087e-47
1116.0472	7.421087141815822e-47
1118.6208	7.449236576281601e-47
1121.2004	7.477519889803714e-47
1123.7859	7.505937366796971e-47
1126.3773	7.534489638867846e-47
1128.9747	7.563177514173961e-47
1131.5782	7.592001282032281e-47
1134.1876	7.620961930130642e-47
1136.803	7.650059926673644e-47
1139.4245	7.679295916454462e-47
1142.052	7.708670546931226e-47
1144.6856	7.738184468236401e-47
1147.3253	7.767838156915597e-47
1149.971	7.797632444073615e-47
1152.6229	7.827567810972851e-47
1155.2808	7.8576450948028815e-47
1157.9449	7.887864781577102e-47
1160.6151	7.918227536642931e-47
1163.2915	7.948734028082931e-47
1165.9741	7.979385105379216e-47
1168.6628	8.010181264147456e-47
1171.3578	8.0411231807361e-47
1174.0589	8.072211354576192e-47
1176.7663	8.103446826607608e-47
1179.48	8.134830102183851e-47
1182.1998	8.166361868805625e-47
1184.926	8.198042635699851e-47
1187.6585	8.2298734578224975e-47
1190.3972	8.261854850404513e-47
1193.1423	8.293987512254224e-47
1195.8937	8.3262723275281e-47
1198.6514	8.358709818960399e-47
1201.4155	8.391301060362026e-47
1204.186	8.424046580586026e-47
1206.9628	8.456947461725569e-47
1209.7461	8.490004423088398e-47
1212.5358	8.523218740838397e-47
1215.3319	8.556591698411407e-47
1218.1345	8.590124957287331e-47
1220.9435	8.623820932120899e-47
1223.759	8.657683356368931e-47
1226.581	8.691719905607234e-47
1229.4095	8.725947280502842e-47
1232.2445	8.760413010138086e-47
1235.0861	8.795308296723021e-47
1237.9342	8.832205063555342e-47
1240.7889	1.76475867874084e-46
1243.6502	8.90169851450897e-47
1246.518	8.934807371292098e-47
1249.3925	8.969731226082223e-47
1252.2736	9.005068426811523e-47
1255.1614	9.04064434378381e-47
1258.0558	9.076416343171986e-47
1260.9569	9.112370087800228e-47
1263.8646	9.148500497066439e-47
1266.7791	9.184805130337322e-47
1269.7003	9.22128325296517e-47
1272.6283	9.257934698658243e-47
1275.563	9.294759682323554e-47
1278.5044	9.3317589970609e-47
1281.4527	9.368932858389505e-47
1284.4077	9.406282062308123e-47
1287.3696	9.443807407996515e-47
1290.3382	9.48150950307985e-47
1293.3138	9.519388956830738e-47
1296.2962	9.557446771218025e-47
1299.2854	9.595683757068724e-47
1302.2816	9.634100532130116e-47
1305.2847	9.67269810921537e-47
1308.2947	9.711477111767927e-47
1311.3116	9.750438362398864e-47
1314.3355	9.789582884867042e-47
1317.3664	9.828911311229955e-47
1320.4042	9.868424473923137e-47
1323.4491	9.908123407756248e-47
1326.501	9.948008952966434e-47
1329.5599	9.988081753232881e-47
1332.6259	1.00283420533921e-46
1335.6989	1.00687919029569e-46
1338.779	1.01094337666624e-46
1341.8663	1.0150264282190402e-46
1344.9606	1.0191286113609996e-46
1348.0621	1.0232501942988903e-46
1351.1708	1.027391041609e-46
1354.2866	1.03155121953961e-46
1357.4096	1.0357309980556902e-46
1360.5398	1.03993044499204e-46
1363.6772	1.0441496283649598e-46
1366.8218	1.0483884115905598e-46
1369.9737	1.0526472721959998e-46
1373.1329	1.05692607437481e-46
1376.2993	1.0612248868692901e-46
1379.4731	1.0655439850536102e-46
1382.6542	1.06988302555225e-46
1385.8426	1.0742426982662395e-46
1389.0384	1.07862265976976e-46
1392.2415	1.0830231878559995e-46
1395.452	1.087444353636e-46
1398.6699	1.09188622840896e-46
1401.8953	1.0963490930756104e-46
1405.1281	1.10083260091249e-46
1408.3683	1.1053372430400403e-46
1411.616	1.1098630928001595e-46
1414.8712	1.1144100125984395e-46
1418.1339	1.1189780748697598e-46
1421.4041	1.1235677762310402e-46
1424.6819	1.1281787672377598e-46
1427.9672	1.13281154663044e-46
1431.2601	1.13746597692025e-46
1434.5606	1.1421421328102503e-46
1437.8687	1.1468400891984398e-46
1441.1845	1.1515601357992903e-46
1444.5079	1.156302349225e-46
1447.8389	1.1610665907840002e-46
1451.1776	1.16585336805961e-46
1454.5241	1.1706623268122498e-46
1457.8782	1.17549375996361e-46
1461.2401	1.18034796241924e-46
1464.6097	1.1852247956080902e-46
1467.9871	1.19012455574089e-46
1471.3723	1.19504710376041e-46
1474.7653	1.1999927371872398e-46
1478.1661	1.2049613164732896e-46
1481.5748	1.20995336044944e-46
1484.9913	1.21496850998721e-46
1488.4157	1.2200072861523601e-46
1491.848	1.22506954977796e-46
1495.2882	1.23015560372644e-46
1498.7364	1.23526530834001e-46
1502.1925	1.2403989678239998e-46
1505.6565	1.2455566652340099e-46
1509.1286	1.2507382601688098e-46
1512.6086	1.25594428299664e-46
1516.0967	1.26117459421209e-46
1519.5929	1.2664292777347602e-46
1523.097	1.27170864324036e-46
1526.6093	1.2770125504800398e-46
1530.1297	1.2823413105060095e-46
1533.6582	1.2876950095222498e-46
1537.1948	1.293073733956e-46
1540.7396	1.29847779835929e-46
1544.2926	1.3039070626562498e-46
1547.8537	1.30936161394756e-46
1551.4231	1.3148422275564904e-46
1555.0007	1.3203487655344895e-46
1558.5865	1.32588177913636e-46
1562.1806	1.33144251604225e-46
1565.783	1.3370338526832399e-46
1569.3937	1.3426702764322499e-46
1573.0128	1.3485038850010003e-46
1576.6401	1.3566444261006399e-46
1580.2759	1.3597015206937602e-46
1583.92	1.3653499506276104e-46
1587.5725	1.3710756597843601e-46
1591.2335	1.3768377558012896e-46
1594.9029	1.3826295720972902e-46
1598.5807	1.3884495699600099e-46
1602.2671	1.3942973779336895e-46
1605.9619	1.4001728575210001e-46
1609.6653	1.4060758684924902e-46
1613.3772	1.41200650652944e-46
1617.0976	1.4179651057155598e-46
1620.8267	1.4239512864124898e-46
1624.5643	1.4299653826945603e-46
1628.3106	1.4360077308931595e-46
1632.0655	1.4420781892633598e-46
1635.829	1.44817685496484e-46
1639.6013	1.4543040665920901e-46
1643.3822	1.46045992332601e-46
1647.1719	1.4666445246010004e-46
1650.9702	1.4728577273822507e-46
1654.7774	1.4791001165427595e-46
1658.5933	1.4853713063156101e-46
1662.4181	1.4916718841360398e-46
1666.2516	1.49800195225521e-46
1670.094	1.5043613678808096e-46
1673.9452	1.5107504780508103e-46
1677.8054	1.5171693857964895e-46
1681.6744	1.523618194410489e-46
1685.5524	1.53009700744681e-46
1689.4393	1.53660592872081e-46
1693.3351	1.5431450623092099e-46
1697.24	1.54971501050025e-46
1701.1538	1.5563153820616902e-46
1705.0767	1.5629462818622499e-46
1709.0086	1.5696083161680095e-46
1712.9496	1.5763013424705598e-46
1716.8997	1.5830254680355595e-46
1720.8588	1.5897810525710403e-46
1724.8272	1.5965679527836895e-46
1728.8046	1.6033865300010001e-46
1732.7913	1.6102368941912103e-46
1736.7871	1.6171189012680104e-46
1740.7921	1.6240331698753601e-46
1744.8064	1.6309795570236101e-46
1748.83	1.6379581737907599e-46
1752.8628	1.6449693880449595e-46
1756.9049	1.6520133130648898e-46
1760.9563	1.6590898048035603e-46
1765.0171	1.6661994917822503e-46
1769.0872	1.67334197235984e-46
1773.1668	1.6805178778344095e-46
1777.2557	1.68772732457536e-46
1781.3541	1.6949699084820095e-46
1785.4619	1.70224652598289e-46
1789.5792	1.7095567730000399e-46
1793.706	1.71690128951364e-46
1797.8423	1.724279669794889e-46
1801.9881	1.7316925566564102e-46
1806.1435	1.7391400702131595e-46
1810.3085	1.7466220665628903e-46
1814.4831	1.7541386647209994e-46
1818.6673	1.7616905149116105e-46
1822.8611	1.7692774741356102e-46
1827.0647	1.7768993974152102e-46
1831.2779	1.78455720647824e-46
1835.5008	1.79225022375025e-46
1839.7335	1.7999793750156103e-46
1843.9759	1.80774424876644e-46
1848.2282	1.81554523763089e-46
1852.4902	1.8233827368636103e-46
1856.7621	1.8312566030644897e-46
1861.0438	1.83916696204921e-46
1865.3353	1.8471142117616396e-46
1869.6368	1.8550984804000007e-46
1873.9482	1.8631201694745605e-46
1878.2696	1.87117940959236e-46
1882.6009	1.8792771542092905e-46
1886.9422	1.88741463899041e-46
1891.2935	1.8955999935024105e-46
1895.6548	1.9039644969008404e-46
1900.0262	1.91229652473561e-46
1904.4077	1.92034518953104e-46
1908.7992	1.92865322659216e-46
1913.2009	1.9370117636964904e-46
1917.6128	1.9454118063120398e-46
1922.0348	1.95385154944576e-46
1926.4671	1.9623311327232903e-46
1930.9095	1.970850415352041e-46
1935.3622	1.9794092544590395e-46
1939.8252	1.9880077870692897e-46
1944.2984	1.9966464331507594e-46
1948.782	2.0053253322440104e-46
1953.2759	2.0140443404020907e-46
1957.7802	2.02280416491024e-46
1962.2948	2.0316043780609595e-46
1966.8199	2.04044569029889e-46
1971.3554	2.0493279584467595e-46
1975.9013	2.0582516110566393e-46
1980.4578	2.0672165044112404e-46
1985.0247	2.07622335719236e-46
1989.6022	2.0852717382090008e-46
1994.1903	2.0943623693574402e-46
1998.7889	2.103495107717609e-46
2003.3981	2.1126700989072896e-46
2008.0179	2.1218877802340107e-46
2012.6484	2.131148299932089e-46
2017.2896	2.1404518066008894e-46
2021.9415	2.1497987424486404e-46
2026.6041	2.1591886709568393e-46
2031.2775	2.16862262347536e-46
2035.9616	2.1780998684176896e-46
2040.6566	2.1876214417210003e-46
2045.3623	2.1971872015974394e-46
2050.079	2.2067973011584904e-46
2054.8065	2.2164521916451605e-46
2059.5449	2.2261517304643605e-46
2064.2942	2.23589637091396e-46
2069.0545	2.2456859698576907e-46
2073.8257	2.25552128302449e-46
2078.608	2.265402168700089e-46
2083.4013	2.27532908629636e-46
2088.2056	2.285301893562249e-46
2093.021	2.29532074899856e-46
2097.8475	2.3053864188300096e-46
2102.6852	2.315498761981689e-46
2107.534	2.32565794011664e-46
2112.394	2.3358644209622497e-46
2117.2652	2.34611806263849e-46
2122.1476	2.35641964201956e-46
2127.0413	2.3667687110163606e-46
2131.9463	2.377165741636e-46
2136.8626	2.3876112089860903e-46
2141.7902	2.3981049718585594e-46
2146.7292	2.40864750753124e-46
2151.6796	2.41923898533409e-46
2156.6413	2.4298795750104094e-46
2161.6146	2.4405694467168413e-46
2166.5993	2.45130908415649e-46
2171.5955	2.462098346556249e-46
2176.6032	2.47293771982929e-46
2181.6224	2.4838273778656893e-46
2186.6533	2.49476781087556e-46
2191.6957	2.5057585624974403e-46
2196.7498	2.51680075767184e-46
2201.8155	2.527893940199039e-46
2206.8929	2.539038286096e-46
2211.982	2.55023461058116e-46
2217.0829	2.56148309473956e-46
2222.1955	2.5727835993020103e-46
2227.3199	2.5841363041200093e-46
2232.4561	2.5955420339059595e-46
2237.6042	2.60700065071681e-46
2242.7641	2.618512985124e-46
2247.9359	2.6300805225552902e-46
2253.1197	2.64171906329956e-46
2258.3154	2.6535507541672904e-46
2263.5231	2.6651016336932097e-46
2268.7428	2.6768768743489613e-46
2273.9745	2.6887108654952093e-46
2279.2183	2.7006008658502502e-46
2284.4742	2.712546084964809e-46
2289.7422	2.7245467145240107e-46
2295.0224	2.7366032775312397e-46
2300.3147	2.7487156372100103e-46
2305.6193	2.760883986644639e-46
2310.9361	2.7731091854902503e-46
2316.2651	2.7853907646010003e-46
2321.6064	2.79772925299396e-46
2326.9601	2.81012518311184e-46
2332.3261	2.8225784188196094e-46
2337.7044	2.8350891582472902e-46
2343.0952	2.847658275000359e-46
2348.4984	2.8602856343964112e-46
2353.914	2.8729714382496404e-46
2359.3422	2.8857158888602515e-46
2364.7828	2.8985195295152122e-46
2370.236	2.9113825657507596e-46
2375.7018	2.9243052036e-46
2381.1802	2.9372876495928904e-46
2386.6712	2.9503304542867604e-46
2392.1749	2.9634334831987606e-46
2397.6913	2.9765972894112394e-46
2403.2204	2.98982208374404e-46
2408.7622	3.0031084241144103e-46
2414.3168	3.0164561773070405e-46
2419.8843	3.0298659038010004e-46
2425.4646	3.0433374698689606e-46
2431.0577	3.0568717882374398e-46
2436.6637	3.0704687269900912e-46
2442.2827	3.0841285028596893e-46
2447.9146	3.0978516851122507e-46
2453.5595	3.1116384938656907e-46
2459.2175	3.1254891497680903e-46
2464.8884	3.1394042283649603e-46
2470.5725	3.1533832434182397e-46
2476.2696	3.1674274826382394e-46
2481.9799	3.1815368168076902e-46
2487.7034	3.1957114716180907e-46
2493.4401	3.2099516733024404e-46
2499.19	3.2242576486352403e-46
2504.9531	3.2386303447802512e-46
2510.7295	3.253069272952891e-46
2516.5193	3.2675753846209587e-46
2522.3224	3.2821485512340114e-46
2528.1389	3.2967893678596904e-46
2533.9688	3.311497705454409e-46
2539.8122	3.3262745265792904e-46
2545.669	3.3411197041289995e-46
2551.5393	3.3560334747039997e-46
2557.4232	3.3710164426758397e-46
2563.3206	3.38606921625625e-46
2569.2317	3.4011913009776103e-46
2575.1563	3.4163833053852094e-46
2581.0947	3.4316458418880392e-46
2587.0467	3.4469791554576413e-46
2593.0124	3.46238349165361e-46
2598.992	3.4778590966236104e-46
2604.9852	3.4934065909164914e-46
2610.9924	3.50902584971236e-46
2617.0133	3.524717496413609e-46
2623.0482	3.540482158365609e-46
2629.097	3.55631971254849e-46
2635.1597	3.5722304111902514e-46
2641.2364	3.58821488597056e-46
2647.3271	3.60427377255625e-46
2653.4318	3.6204073300742396e-46
2659.5507	3.636626116036e-46
2665.6836	3.652909818325688e-46
2671.8307	3.6692559471120404e-46
2677.992	3.68568886629904e-46
2684.1674	3.702198522456041e-46
2690.3571	3.71878479790801e-46
2696.5611	3.7354479587224905e-46
2702.7794	3.752188271603561e-46
2709.0121	3.769006003891839e-46
2715.2591	3.78590181271236e-46
2721.5205	3.802875969292959e-46
2727.7963	3.81992874551044e-46
2734.0866	3.8370604138905595e-46
2740.3915	3.854271247608041e-46
2746.7108	3.87156191401225e-46
2753.0448	3.8889326902212894e-46
2759.3933	3.9063838540147605e-46
2765.7565	3.923915683833761e-46
2772.1343	3.9415288558465605e-46
2778.5269	3.95922365248804e-46
2784.9342	3.977000356867239e-46
2791.3563	3.9948592527673614e-46
2797.7932	4.0128010252852885e-46
2804.2449	4.0308255607105615e-46
2810.7115	4.04893394973369e-46
2817.193	4.06712648425924e-46
2823.6895	4.0854042653868894e-46
2830.201	4.10376678155536e-46
2836.7274	4.122214326781689e-46
2843.2689	4.1407471957827605e-46
2849.8255	4.1593660918657606e-46
2856.3972	4.1780709050889995e-46
2862.9841	4.19686234200025e-46
2869.5862	4.215741113529001e-46
2876.2035	4.23470670030409e-46
2882.836	4.253760638746089e-46
2889.4839	4.27290241e-46
2896.147	4.2921331459129604e-46
2902.8256	4.3114527406544396e-46
2909.5195	4.33086191782729e-46
2916.2289	4.3503605712032395e-46
2922.9537	4.36994984580625e-46
2929.6941	4.3896296378224896e-46
2936.45	4.4094006803632915e-46
2943.2215	4.429262869225959e-46
2950.0085	4.449217362762239e-46
2956.8113	4.4692644820322505e-46
2963.6297	4.489403701333691e-46
2970.4639	4.50963661169025e-46
2977.3138	4.529963113641e-46
2984.1795	4.5503839579364096e-46
2991.061	4.57090032752896e-46
2997.9584	4.59151727086276e-46
3004.8718	4.612230000666088e-46
3011.801	4.63303841956036e-46
3018.7463	4.653943290000001e-46
3025.7075	4.674944946676409e-46
3032.6848	4.6960437250744904e-46
3039.6782	4.7172399614726384e-46
3046.6877	4.7385344283062505e-46
3053.7134	4.75992746638564e-46
3060.7553	4.781419417328491e-46
3067.8134	4.803011061875291e-46
3074.8878	4.82470230692025e-46
3081.9785	4.846494377100249e-46
3089.0856	4.86838762322929e-46
3096.2091	4.8912643513720885e-46
3103.3489	4.912477720921001e-46
3110.5053	4.934674828003839e-46
3117.6781	4.95697540518756e-46
3124.8675	4.9793789208848416e-46
3132.0735	5.00188662550404e-46
3139.2961	5.024498433444489e-46
3146.5353	5.047214705240491e-46
3153.7913	5.07003625261081e-46
3161.0639	5.092963440840251e-46
3168.3534	5.1159966360776106e-46
3175.6596	5.13913665872896e-46
3182.9827	5.162383425326411e-46
3190.3227	5.185737760062249e-46
3197.6796	5.209200492109291e-46
3205.0535	5.2327715406350394e-46
3212.4443	5.2564517386420905e-46
3219.8523	5.28024146458176e-46
3227.2773	5.30414109779841e-46
3234.7194	5.3281519418410006e-46
3242.1787	5.35227345870361e-46
3249.6552	5.376506494170252e-46
3257.1489	5.4008518991128894e-46
3264.6599	5.425309597824362e-46
3272.1882	5.449880912004e-46
3279.7339	5.474565768841e-46
3287.297	5.499364561241759e-46
3294.8776	5.5242786231865596e-46
3302.4756	5.54930741353024e-46
3310.0911	5.57445274457841e-46
3317.7242	5.599713602737962e-46
3325.3749	5.62509180860176e-46
3333.0432	5.6505872948929614e-46
3340.7293	5.676200943988409e-46
3348.433	5.701933165958409e-46
3356.1545	5.727784371841e-46
3363.8938	5.75375497364196e-46
3371.651	5.779845865161001e-46
3379.4261	5.80605746360644e-46
3387.219	5.83239018716964e-46
3395.03	5.858844939126011e-46
3402.859	5.88542214292321e-46
3410.706	5.912122223007359e-46
3418.5711	5.9389460922220896e-46
3426.4543	5.96589369182041e-46
3434.3558	5.9929664284729605e-46
3442.2754	6.020164246565292e-46
3450.2133	6.0474875788959996e-46
3458.1695	6.074937845173209e-46
3466.1441	6.102514498798239e-46
3474.1371	6.1302194611840004e-46
3482.1485	6.158052186689292e-46
3490.1783	6.186013614032041e-46
3498.2267	6.21410468747236e-46
3506.2936	6.242325357453161e-46
3514.3792	6.2706770734240015e-46
3522.4834	6.29915978908129e-46
3530.6062	6.327774460846239e-46
3538.7478	6.356551296888039e-46
3546.9082	6.385401504999038e-46
3555.0874	6.414414796230249e-46
3563.2855	6.443562388939292e-46
3571.5024	6.472844748697961e-46
3579.7383	6.5022628521622515e-46
3587.9932	6.5318171705639996e-46
3596.2672	6.561508176244809e-46
3604.5602	6.5913363426560414e-46
3612.8724	6.6213026589966414e-46
3621.2037	6.651407604443292e-46
3629.5542	6.68165165929881e-46
3637.924	6.712035823144091e-46
3646.313	6.742560582064809e-46
3654.7215	6.7732269437977606e-46
3663.1493	6.80403435687936e-46
3671.5965	6.8349848759041596e-46
3680.0633	6.86607847459209e-46
3688.5495	6.897316173585638e-46
3697.0553	6.928697946564e-46
3705.5808	6.960225346531212e-46
3714.1259	6.991898350712038e-46
3722.6907	7.02371799280804e-46
3731.2752	7.055684781265213e-46
3739.8796	7.087807212600957e-46
3748.5038	7.120081582773611e-46
3757.1479	7.152505220122238e-46
3765.8119	7.185078641700088e-46
3774.4959	7.21780290308961e-46
3783.1999	7.250678527430565e-46
3791.924	7.283706578856489e-46
3800.6682	7.316887045650249e-46
3809.4325	7.350220996866808e-46
3818.2171	7.38370950772324e-46
3827.022	7.417352570234889e-46
3835.8471	7.45115126459209e-46
3844.6926	7.485106130020838e-46
3853.5585	7.519218803856361e-46
3862.4448	7.553488735993212e-46
3871.3516	7.587917020382762e-46
3880.279	7.62250530943225e-46
3889.227	7.657253053145637e-46
3898.1955	7.692161356845163e-46
3907.1848	7.727231332184038e-46
3916.1948	7.762464097176011e-46
3925.2256	7.797859100746088e-46
3934.2772	7.833418022035359e-46
3943.3497	7.869141429601003e-46
3952.4431	7.905030455649962e-46
3961.5574	7.941085111647611e-46
3970.6928	7.97730766480384e-46
3979.8493	8.01372531058576e-46
3989.0268	8.050253698749611e-46
3998.2255	8.08698003763456e-46
4007.4455	8.12387660832225e-46
4016.6867	8.160944001779559e-46
4025.9492	8.19818281035961e-46
4035.2331	8.23559362780176e-46
4044.5383	8.273177624494243e-46
4053.8651	8.310935400882491e-46
4063.2133	8.34886813670464e-46
4072.5831	8.386975859961761e-46
4081.9745	8.425260336374012e-46
4091.3876	8.463721598105761e-46
4100.8224	8.502361422984812e-46
4110.2789	8.541179262876161e-46
4119.7572	8.580176903797212e-46
4129.2574	8.619354969526438e-46
4138.7795	8.658714673816363e-46
4148.3236	8.698256057536358e-46
4157.8896	8.73798034005625e-46
4167.4778	8.777888747600044e-46
4177.088	8.817981325473962e-46
4186.7204	8.858259305575842e-46
4196.375	8.89872392671441e-46
4206.0519	8.939375836665213e-46
4215.7511	8.980215684720639e-46
4225.4726	9.021244722397692e-46
4235.2166	9.062463004056249e-46
4244.983	9.10387239045376e-46
4254.772	9.145473545222565e-46
4264.5835	9.187267133550251e-46
4274.4177	9.229253822179689e-46
4284.2745	9.271434279409002e-46
4294.1541	9.31381039583296e-46
4304.0565	9.356382851220251e-46
4313.9816	9.39915171377296e-46
4323.9297	9.44211889136961e-46
4333.9007	9.485284456797213e-46
4343.8947	9.528650330941441e-46
4353.9118	9.572216591220009e-46
4363.9519	9.615983931225001e-46
4374.0153	9.65995428938089e-46
4384.1018	9.704128371025e-46
4394.2115	9.748509380956095e-46
4404.3446	9.793090534393963e-46
4414.5011	9.837878780444492e-46
4424.681	9.88287546835681e-46
4434.8843	9.928080694464491e-46
4445.1112	9.973494551056005e-46
4455.3616	1.0019119025520637e-45
4465.6357	1.0064954214973441e-45
4475.9335	1.0111002120312044e-45
4486.2551	1.0157262206116e-45
4496.6004	1.020373712137521e-45
4506.9696	1.0250426332663686e-45
4517.3627	1.029733186375936e-45
4527.7798	1.034445446537616e-45
4538.2209	1.039179553470864e-45
4548.686	1.0439355184200808e-45
4559.1753	1.0487134817517161e-45
4569.6888	1.053513519684129e-45
4580.2266	1.0583358387414761e-45
4590.7886	1.0631804511767041e-45
4601.375	1.068047434190025e-45
4611.9858	1.0729369961840889e-45
4622.6211	1.0778491499557691e-45
4633.2809	1.082784039507856e-45
4643.9653	1.087741809626761e-45
4654.6743	1.0927224736606093e-45
4665.408	1.097726177066401e-45
4676.1665	1.102753066091076e-45
4686.9497	1.1078031546403293e-45
4697.7579	1.112876656357636e-45
4708.591	1.1179736525487688e-45
4719.449	1.1230942247096038e-45
4730.3321	1.1282384545261211e-45
4741.2403	1.1334065585388157e-45
4752.1736	1.138598484765625e-45
4763.1321	1.1438145183869291e-45
4774.116	1.1490547432440998e-45
4785.1251	1.1543200587817957e-45
4796.1597	1.1596078305902252e-45
4807.2196	1.1649209970217209e-45
4818.3051	1.170258828230116e-45
4829.4162	1.175621272827556e-45
4840.5528	1.1810086220296361e-45
4851.7152	1.1864208935805208e-45
4862.9033	1.191858173843401e-45
4874.1172	1.1973206185870414e-45
4885.3569	1.202808384414784e-45
4896.6226	1.2083215592464e-45
4907.9142	1.2138601615260162e-45
4919.2319	1.2194244886270812e-45
4930.5757	1.2250144900428493e-45
4941.9457	1.230630394836964e-45
4953.3418	1.2362722929208965e-45
4964.7643	1.2419402744159286e-45
4976.2131	1.2476345709406412e-45
4987.6882	1.253355132395536e-45
4999.1899	1.2591021914689e-45
5010.7181	1.2648758400986491e-45
5022.2728	1.2706762417301161e-45
5033.8542	1.2765034892197213e-45
5045.4623	1.282357675640484e-45
5057.0972	1.288238966066116e-45
5068.7589	1.2941474544961208e-45
5080.4475	1.300083379375561e-45
5092.163	1.3060466915758241e-45
5103.9056	1.3120376306436001e-45
5115.6753	1.3180562924520251e-45
5127.472	1.3241037919681689e-45
5139.296	1.330177460673604e-45
5151.1473	1.3362799419565693e-45
5163.0259	1.3424108251556252e-45
5174.9319	1.348570062385924e-45
5186.8653	1.3547578254912251e-45
5198.8262	1.3609742134354565e-45
5210.8148	1.3672193254130412e-45
5222.8309	1.373493409091584e-45
5234.8748	1.3797965651457688e-45
5246.9465	1.386128820024001e-45
5259.046	1.3924904236237438e-45
5271.1734	1.3988814778373761e-45
5283.3288	1.4053021597695996e-45
5295.5122	1.411752497157025e-45
5307.7236	1.418232743243761e-45
5319.9633	1.4247429264182894e-45
5332.2312	1.4312833016130248e-45
5344.5273	1.4378538978739362e-45
5356.8519	1.444454971832196e-45
5369.2048	1.4510865531969002e-45
5381.5862	1.4577488239475294e-45
5393.9962	1.464441967008784e-45
5406.4348	1.4711660895430896e-45
5418.9021	1.4779213758500488e-45
5431.3981	1.4847078570566493e-45
5443.923	1.4915257955567292e-45
5456.4767	1.4983753779933154e-45
5469.0594	1.5052568695696006e-45
5481.6711	1.5121697594371294e-45
5494.3118	1.5191147005756832e-45
5506.9818	1.526091960561529e-45
5519.6809	1.5331014954256e-45
5532.4093	1.5401434954942437e-45
5545.1671	1.5472180734042492e-45
5557.9543	1.5543254209043562e-45
5570.771	1.5614656516982245e-45
5583.6172	1.568638958966209e-45
5596.4931	1.5758454574863997e-45
5609.3986	1.583085421456036e-45
5622.334	1.590358807765809e-45
5635.2991	1.5976658918809692e-45
5648.2942	1.605006790751296e-45
5661.3192	1.6123817019077285e-45
5674.3742	1.619790743397376e-45
5687.4594	1.6272341142201e-45
5700.5747	1.6347120143911836e-45
5713.7202	1.6422244017994242e-45
5726.8961	1.6497716392991612e-45
5740.1024	1.6573538479933212e-45
5753.3391	1.6649711492673645e-45
5766.6064	1.672623746584729e-45
5779.9042	1.6803117624592362e-45
5793.2327	1.6880354018612644e-45
5806.5919	1.6957947060807838e-45
5819.982	1.7035900461357608e-45
5833.4029	1.7114214646489006e-45
5846.8548	1.7192897501337613e-45
5860.3377	1.727193287035225e-45
5873.8517	1.7351339430937206e-45
5887.3968	1.743111431343396e-45
5900.9732	1.7511258797599358e-45
5914.5809	1.7591774166174008e-45
5928.2199	1.7672662545659562e-45
5941.8905	1.775392607326464e-45
5955.5925	1.7835565207662762e-45
5969.3262	1.7917582942555566e-45
5983.0915	1.7999979744626894e-45
5996.8885	1.8082758627259292e-45
6010.7174	1.816592091764004e-45
6024.5781	1.8249468800436092e-45
6038.4709	1.833340361490576e-45
6052.3956	1.841772670342641e-45
6066.3525	1.8502440271783685e-45
6080.3416	1.8587546536787293e-45
6094.3629	1.8673046862070413e-45
6108.4165	1.8758943480672162e-45
6122.5026	1.884523776854404e-45
6136.6211	1.8931931975056002e-45
6150.7722	1.9019027488561e-45
6164.9559	1.910652657486169e-45
6179.1724	1.919443063479601e-45
6193.4216	1.9282741950701605e-45
6207.7037	1.9371462816245764e-45
6222.0187	1.946059465418896e-45
6236.3667	1.9550138890605212e-45
6250.7478	1.964009872756801e-45
6265.1621	1.9730486270561444e-45
6279.6096	1.982127009577225e-45
6294.0904	1.9912485415344644e-45
6308.6046	2.000412302988961e-45
6323.1523	2.009618530055361e-45
6337.7336	2.0188674600124813e-45
6352.3484	2.028159241237921e-45
6366.997	2.037494022454881e-45
6381.6793	2.046872133701641e-45
6396.3955	2.0562936349478757e-45
6411.1457	2.0657587674831613e-45
6425.9298	2.0752677737814488e-45
6440.7481	2.084820897505921e-45
6455.6005	2.094418200454596e-45
6470.4871	2.1040600191611562e-45
6485.4081	2.1137465082990005e-45
6500.3635	2.123477822901681e-45
6515.3534	2.133254303111556e-45
6530.3779	2.1430761059569006e-45
6545.437	2.1529433888320414e-45
6560.5308	2.1628564025104002e-45
6575.6594	2.1728153057600888e-45
6590.823	2.182820351159569e-45
6606.0215	2.192871792515881e-45
6621.255	2.2029698848696364e-45
6636.5237	2.213114696325009e-45
6651.8275	2.2233064831064017e-45
6667.1667	2.233545597201604e-45
6682.5412	2.243832108501025e-45
6697.9512	2.2541663712758442e-45
6713.3968	2.2645484564019846e-45
6728.8779	2.2749786250536966e-45
6744.3947	2.285457235279936e-45
6759.9474	2.2959843597777612e-45
6775.5359	2.306560262862244e-45
6791.1603	2.3171852101225006e-45
6806.8208	2.3278593719310248e-45
6822.5173	2.3385830157744042e-45
6838.2501	2.3493564104256e-45
6854.0192	2.3601796316224003e-45
6869.8246	2.3710531441585213e-45
6885.6665	2.3819770254720045e-45
6901.5449	2.392951548182416e-45
6917.4599	2.4039768881546888e-45
6933.4116	2.4150534182352488e-45
6949.4001	2.4261812179509617e-45
6965.4255	2.437360662554689e-45
6981.4878	2.448591931596001e-45
6997.5872	2.459875205042641e-45
7013.7236	2.471210862125625e-45
7029.8973	2.4825990850219693e-45
7046.1083	2.4940400563332253e-45
7062.3567	2.5055340591960996e-45
7078.6426	2.5170813780935287e-45
7094.966	2.5286821982880162e-45
7111.327	2.5403369070800252e-45
7127.7258	2.552045590950625e-45
7144.1624	2.563808538424225e-45
7160.6369	2.5756261408931288e-45
7177.1494	2.587498385116681e-45
7193.6999	2.599425766270096e-45
7210.2886	2.6114083739674808e-45
7226.9156	2.623446604646464e-45
7243.5809	2.6355406517252887e-45
7260.2847	2.647690811984089e-45
7277.027	2.6598972804528642e-45
7293.8079	2.6721604593871355e-45
7310.6274	2.684480338904841e-45
7327.4858	2.6968574269881768e-45
7344.383	2.709291922637882e-45
7361.3192	2.721784129659841e-45
7378.2945	2.7343342487030437e-45
7395.3089	2.7469425857060894e-45
7412.3625	2.759609342976255e-45
7429.4555	2.772334933903089e-45
7446.5879	2.7851194576413617e-45
7463.7598	2.7979633302252842e-45
7480.9713	2.810866758041664e-45
7498.2224	2.823830054237284e-45
7515.5134	2.836853426894399e-45
7532.8442	2.8499372981184164e-45
7550.215	2.8630818784350765e-45
7567.6259	2.876287378860901e-45
7585.0769	2.889554118412329e-45
7602.5681	2.9028824175872164e-45
7620.0997	2.916272598370575e-45
7637.6717	2.9297248759864893e-45
7655.2842	2.9432394661601624e-45
7672.9374	2.95681691137764e-45
7690.6312	2.9704572126138016e-45
7708.3659	2.9841609156206774e-45
7726.1414	2.9979281316489223e-45
7743.958	3.0117591909730085e-45
7761.8156	3.0256545354025005e-45
7779.7144	3.0396142784938095e-45
7797.6545	3.0536388648676005e-45
7815.6359	3.0677284093780844e-45
7833.6589	3.081883470501796e-45
7851.7233	3.096104053881317e-45
7869.8295	3.1103907213491294e-45
7887.9774	3.124743702951649e-45
7906.1671	3.139163341328169e-45
7924.3988	3.153649756057956e-45
7942.6725	3.1682035165192094e-45
7960.9884	3.1828248572409014e-45
7979.3465	3.197513900206095e-45
7997.7469	3.212271220317604e-45
8016.1898	3.227097055311936e-45
8034.6752	3.2419916434801e-45
8053.2032	3.256956136783503e-45
8071.7739	3.271988607287401e-45
8090.3875	3.2870915795845694e-45
8109.044	3.3022647266622244e-45
8127.7435	3.317508177578596e-45
8146.4861	3.3328225227436095e-45
8165.272	3.3482078934174e-45
8184.1012	3.36366465235788e-45
8202.9738	3.379193163965584e-45
8221.8899	3.3947939108196e-45
8240.8496	3.410466911035209e-45
8259.8531	3.4262127664996e-45
8278.9004	3.442031730906562e-45
8297.9916	3.4579241761496894e-45
8317.1268	3.4738903579195255e-45
8336.3062	3.489930650653224e-45
8355.5298	3.5060454304731604e-45
8374.7977	3.52223507519324e-45
8394.11	3.538499845354681e-45
8413.4669	3.5548402405953623e-45
8432.8684	3.571256404800101e-45
8452.3147	3.587748840752399e-45
8471.8058	3.604317933984783e-45
8491.3419	3.620963831058025e-45
8510.923	3.637687160550565e-45
8530.5492	3.654488071379045e-45
8550.2207	3.6713670755252495e-45
8569.9376	3.688324566370085e-45
8589.6999	3.705360695562276e-45
8609.5078	3.722475980337409e-45
8629.3614	3.739670696205408e-45
8649.2608	3.756945364493476e-45
8669.2061	3.774300263691555e-45
8689.1973	3.791735796093183e-45
8709.2347	3.809252242339601e-45
8729.3182	3.8268501311716004e-45
8749.4481	3.844529746249983e-45
8769.6244	3.862291620486243e-45
8789.8472	3.88013591600317e-45
8810.1167	3.8980630441809003e-45
8830.4329	3.9160735433745204e-45
8850.7959	3.9341677040271354e-45
8871.2059	3.952346068729969e-45
8891.663	3.970608678970758e-45
8912.1672	3.988956332494224e-45
8932.7188	4.007389072739365e-45
8953.3177	4.0259075760016004e-45
8973.9641	4.0445121411974404e-45
8994.6581	4.0632031954276004e-45
9015.3999	4.0819810398866894e-45
9036.1895	4.1008461045468015e-45
9057.027	4.119798949635599e-45
9077.9126	4.1388398811218553e-45
9098.8463	4.157969205688489e-45
9119.8283	4.177187618519558e-45
9140.8587	4.196495171290321e-45
9161.9376	4.2158925633090244e-45
9183.0651	4.2353801077208044e-45
9204.2413	4.254958248861681e-45
9225.4664	4.274627433003224e-45
9246.7404	4.294389025801744e-45
9268.0634	4.314240593728642e-45
9289.4356	4.334185340320901e-45
9310.8571	4.3542228013062255e-45
9332.328	4.3743534318210223e-45
9353.8485	4.394577688975321e-45
9375.4185	4.414895898970488e-45
9397.0383	4.43530865516077e-45
9418.7079	4.455816420617605e-45
9440.4276	4.476419392790399e-45
9462.1973	4.497118305150247e-45
9484.0172	4.517913357930625e-45
9505.8874	4.538805155129024e-45
9527.808	4.5597941689575044e-45
9549.7792	4.580880738297617e-45
9571.8011	4.602065474175625e-45
9593.8737	4.6233485829441005e-45
9615.9973	4.644731497239292e-45
9638.1718	4.6662123817024e-45
9660.3975	4.687794037396088e-45
9682.6745	4.7094759948868835e-45
9705.0028	4.731258740949315e-45
9727.3826	4.7531429023276825e-45
9749.814	4.7751288327222484e-45
9772.2972	4.7972171637069154e-45
9794.8322	4.819408113709847e-45
9817.4191	4.8417023182049663e-45
9840.0582	4.8641004160686106e-45
9862.7494	4.8866026301691215e-45
9885.493	4.9092094631940013e-45
9908.289	4.9319215604248824e-45
9931.1376	4.954739289028281e-45
9954.0389	4.9776632992382484e-45
9976.993	5.000693961892225e-45
10000.0	5.0238317904520346e-45
