10.0	2.22404309727076e-42
10.02306	2.1836111804020897e-42
10.046173	2.14391765947129e-42
10.06934	2.104948312336e-42
10.09256	2.06669002224169e-42
10.115833	2.0291290256249997e-42
10.139161	1.9922529244896102e-42
10.162542	1.956048673461609e-42
10.185976	1.9205040015062502e-42
10.209465	1.88560655964121e-42
10.233008	1.85134447513744e-42
10.256606	1.8177060666628902e-42
10.280258	1.7846801089286402e-42
10.303964	1.7522547590017597e-42
10.327725	1.72041968891529e-42
10.351541	1.6891634235552403e-42
10.375412	1.6584759738148898e-42
10.399337	1.6283464780622403e-42
10.423318	1.5987647642752902e-42
10.447355	1.56972107380201e-42
10.471446	1.5412055512089997e-42
10.495594	1.51320849972516e-42
10.519796	1.4857206229219594e-42
10.544055	1.4587325284000005e-42
10.56837	1.4322352156560896e-42
10.592741	1.40621958878569e-42
10.617168	1.3806771704928405e-42
10.641651	1.3555993800644099e-42
10.666191	1.3309773116640104e-42
10.690787	1.3068028967630402e-42
10.71544	1.283068191076e-42
10.74015	1.25976469957776e-42
10.764917	1.2368849627008894e-42
10.789741	1.2144209708592905e-42
10.814622	1.1923652852430394e-42
10.83956	1.1707103668396899e-42
10.864557	1.1494490136769595e-42
10.88961	1.12857392446096e-42
10.914722	1.10807812787841e-42
10.939891	1.08795476277049e-42
10.965119	1.06819707671044e-42
10.990404	1.0487982197722499e-42
11.015748	1.0297516583822398e-42
11.041151	1.01105116450816e-42
11.066612	9.926904065822497e-43
11.092131	9.746632338301156e-43
11.11771	9.569636126283286e-43
11.143347	9.395856049586176e-43
11.169044	9.22523405587872e-43
11.1948	9.05771281984829e-43
11.220615	8.893236305857846e-43
11.24649	8.731749925731887e-43
11.272425	8.573200131346928e-43
11.298419	8.417534028294399e-43
11.324473	8.264699919056026e-43
11.350587	8.114647275707565e-43
11.376762	7.9673261776144e-43
11.402997	7.822687663429683e-43
11.429292	7.680683187203049e-43
11.455648	7.541264277245208e-43
11.482065	7.404383074125627e-43
11.508543	7.269992498590999e-43
11.535082	7.1380467479894445e-43
11.561682	7.008500090736227e-43
11.588343	6.881308546044407e-43
11.615066	6.756428184275025e-43
11.64185	6.6338167764765136e-43
11.668696	6.5134330943406465e-43
11.695605	6.395236726610179e-43
11.722575	6.2791879047209275e-43
11.749607	6.165247651466282e-43
11.776702	6.053377454330116e-43
11.803859	5.943540035432163e-43
11.831079	5.8356982457945646e-43
11.858361	5.729815381455937e-43
11.885707	5.625855782547024e-43
11.913115	5.523783912998568e-43
11.940587	5.423565109840163e-43
11.968122	5.3251655620078254e-43
11.995721	5.228551855743077e-43
12.023383	5.1336911173479595e-43
12.051109	5.040551715966649e-43
12.078899	4.949102802019601e-43
12.106753	4.859314009088401e-43
12.134671	4.7711555858967046e-43
12.162654	4.6845982470156254e-43
12.190701	4.5996131669207036e-43
12.218813	4.516172242910785e-43
12.246989	4.434247677481609e-43
12.275231	4.353812110796928e-43
12.303538	4.2748386150624994e-43
12.33191	4.1973009480964e-43
12.360347	4.121173150820497e-43
12.38885	4.046429675071809e-43
12.417419	3.973045756474201e-43
12.446054	3.900996517529764e-43
12.474755	3.830257356799328e-43
12.503521	3.760803949255236e-43
12.532355	3.692612854198128e-43
12.561254	3.625660524317764e-43
12.590221	3.5599242773402e-43
12.619254	3.4953816777930103e-43
12.648354	3.4320106547232247e-43
12.677521	3.36978984511188e-43
12.706756	3.308697997966088e-43
12.736058	3.248714550270016e-43
12.765427	3.1898190419812884e-43
12.794864	3.131991569711601e-43
12.824369	3.075212550250801e-43
12.853942	3.0194627163310432e-43
12.883584	2.9647232213299835e-43
12.913293	2.9109755222508484e-43
12.943071	2.858201375698201e-43
12.972918	2.806383045793636e-43
13.002834	2.7555030806089966e-43
13.032818	2.705543996344336e-43
13.062872	2.6564889063350447e-43
13.092995	2.6083208901887286e-43
13.123188	2.561023712607363e-43
13.15345	2.51458119936e-43
13.183782	2.468977342328025e-43
13.214184	2.424196792793689e-43
13.244656	2.3802246447021155e-43
13.275198	2.337046809232145e-43
13.305811	2.29464950625e-43
13.336494	2.2530192573603996e-43
13.367248000000002	2.2121425028295614e-43
13.398073000000002	2.172006357734521e-43
13.428969	2.1325977568833637e-43
13.459937	2.093903835529636e-43
13.490975	2.0559116548342443e-43
13.522085999999998	2.0186087509449e-43
13.553268	1.9819825858083688e-43
13.584522	1.9460211745128998e-43
13.615848000000002	1.910712542043204e-43
13.647246	1.8760448155688884e-43
13.678716	1.8420063976344047e-43
13.71026	1.8085857896558402e-43
13.741876	1.7757718462484635e-43
13.773565	1.7435534310626412e-43
13.805326	1.7119197531239045e-43
13.837162	1.6808601109104362e-43
13.86907	1.6503643001049757e-43
13.901051999999998	1.620421871927296e-43
13.933108	1.5910229472416402e-43
13.965238	1.5621576427395995e-43
13.997442	1.533816232849156e-43
14.02972	1.5059893805122414e-43
14.062073000000002	1.4786675092749162e-43
14.0945	1.4518416572416e-43
14.127002	1.4255026989888992e-43
14.159579	1.3996417317097959e-43
14.192231	1.3742502181161608e-43
14.224959	1.3493195336172248e-43
14.257762	1.3248413386569e-43
14.29064	1.3008075702240998e-43
14.323594	1.2772100761817765e-43
14.356625	1.2540411900531359e-43
14.389731	1.231293011346225e-43
14.422914000000002	1.2089581155056252e-43
14.456173	1.1870287094780887e-43
14.48951	1.165497335063161e-43
14.522922	1.1443565871556e-43
14.556412	1.1235991152168999e-43
14.58998	1.103217757537284e-43
14.623624	1.0832056023439206e-43
14.657346	1.0635557192888038e-43
14.691146	1.0442614224211557e-43
14.725024	1.025316006549136e-43
14.75898	1.0067131323600486e-43
14.793015	9.88446373147489e-44
14.827127	9.705095336120042e-44
14.861319	9.52896766188676e-44
14.895589	9.356024972643998e-44
14.929939	9.18621053972644e-44
14.964367	9.01947091964356e-44
14.998875	8.855751667182247e-44
15.033463	8.694999766712252e-44
15.068129999999998	8.537163010437756e-44
15.102877	8.38218940944121e-44
15.137704	8.230027210245762e-44
15.172612	8.080626616322487e-44
15.2076	7.93393803559009e-44
15.242669	7.789913771138887e-44
15.277819	7.648505747886242e-44
15.31305	7.509667746355286e-44
15.348362	7.373354256742412e-44
15.383755	7.239519931987361e-44
15.41923	7.108121203235999e-44
15.454787	6.979113051961211e-44
15.490426	6.852453286504809e-44
15.526147	6.728098286620836e-44
15.56195	6.60600617431104e-44
15.597836	6.486136247952358e-44
15.633805	6.368447940946556e-44
15.669857	6.25290383721249e-44
15.705991	6.139467070907037e-44
15.74221	6.02810082900481e-44
15.778510999999998	5.918769827044843e-44
15.814897	5.81143929383329e-44
15.851366	5.706071143634562e-44
15.887919	5.602627931566412e-44
15.924557	5.501071437357692e-44
15.961279	5.401364579788961e-44
15.998086	5.303471846158238e-44
16.034978	5.207356958939558e-44
16.071954	5.112986999672249e-44
16.109016	5.020328690881001e-44
16.146164000000002	4.92934976175321e-44
16.183397	4.840018480017642e-44
16.220716	4.752304080484e-44
16.258121	4.666178033902438e-44
16.295613	4.581614817558491e-44
16.33319	4.49858839935376e-44
16.370855	4.4170731138355606e-44
16.408606	4.337043658249001e-44
16.446445	4.2584742631704104e-44
16.484370000000002	4.1813370902912396e-44
16.522382999999998	4.1056043656868113e-44
16.560484	4.031248391649609e-44
16.598673	3.958243149715558e-44
16.636948999999998	3.8865630563942407e-44
16.675314	3.81618373853025e-44
16.713767999999998	3.747083153234559e-44
16.75231	3.6792380419560003e-44
16.790941	3.6126266576192116e-44
16.829660999999998	3.5472268245088904e-44
16.868470000000002	3.4830159686559997e-44
16.907369	3.419971147308959e-44
16.946357	3.35806981051369e-44
16.985436	3.2972905218424903e-44
17.024604	3.23761184023225e-44
17.063863	3.179015897420249e-44
17.103213	3.1214868335289997e-44
17.142653	3.065008963658889e-44
17.182184	3.00956643002404e-44
17.221806	2.9551439044302395e-44
17.26152	2.901725208714011e-44
17.301325	2.84929369782201e-44
17.341222	2.797832623187291e-44
17.381210999999997	2.7473264715372105e-44
17.421292	2.697760588693211e-44
17.461466	2.649116265232361e-44
17.501732	2.6013728622798404e-44
17.542091	2.5545079087758403e-44
17.582542999999998	2.5085006803300886e-44
17.623089	2.46332899440016e-44
17.663728	2.418974576208089e-44
17.70446	2.375422895336489e-44
17.745287	2.33265903572025e-44
17.786208	2.29066923391849e-44
17.827223	2.249439334931611e-44
17.868333	2.2089545195270397e-44
17.909537	2.16919993065616e-44
17.950837	2.1301598073448896e-44
17.992231	2.0918198476562492e-44
18.033722	2.0541651450488094e-44
18.075308	2.0171816437350397e-44
18.116989	1.9808558270694404e-44
18.158767	1.9451744219640104e-44
18.200642	1.9101246716707606e-44
18.242612	1.87569377186409e-44
18.28468	1.841869694025e-44
18.326845	1.80864169530625e-44
18.369106	1.7759981344896397e-44
18.411466	1.7439286311252089e-44
18.453923	1.7124234912159997e-44
18.496478	1.68147420005889e-44
18.539131	1.65107311649281e-44
18.581882	1.6212121637848897e-44
18.624732	1.59188360958169e-44
18.667681	1.56307955373124e-44
18.710728	1.5347914436890003e-44
18.753876	1.5070113352952099e-44
18.797122	1.479731139364e-44
18.840468	1.452943355161e-44
18.883915	1.4266408085884899e-44
18.927461	1.4008168774332106e-44
18.971108	1.3754647657644103e-44
19.014856	1.3505775145922494e-44
19.058704	1.3261468606402496e-44
19.102653	1.3021630704769599e-44
19.146704	1.27861682068836e-44
19.190857	1.2554991846883602e-44
19.235111	1.2328025081089596e-44
19.279467	1.21052299650129e-44
19.323926	1.1886587996896902e-44
19.368487	1.1672062512782404e-44
19.413151	1.1461612351566402e-44
19.457918	1.1255158119508898e-44
19.502788	1.1052573418688399e-44
19.547762	1.0853732851562503e-44
19.592839	1.0658518248010002e-44
19.63802	1.04668204639504e-44
19.683305	1.02785714912241e-44
19.728695	1.0093716546900097e-44
19.77419	9.912207936645182e-45
19.819789	9.733991145102084e-45
19.865494	9.559011030338024e-45
19.911304	9.387206839984798e-45
19.957219	9.218518059976998e-45
20.003241	9.052885767395716e-45
20.049369	8.890252401778225e-45
20.095603	8.730563976875167e-45
20.141943	8.573767541918883e-45
20.188391	8.419811529339962e-45
20.234945	8.268644446175567e-45
20.281607	8.120216158266564e-45
20.328377	7.974476605005624e-45
20.375254	7.83137688333449e-45
20.42224	7.690868694969604e-45
20.469333	7.552905039317401e-45
20.516536	7.417439662944477e-45
20.563847	7.284427561904163e-45
20.611268	7.1538237648784e-45
20.658797	7.025585030850169e-45
20.706437	6.899668132906083e-45
20.754186	6.776031031855803e-45
20.802045	6.654632192213039e-45
20.850015	6.53543106589217e-45
20.898095	6.418387748455279e-45
20.946286	6.30346328828861e-45
20.994589	6.190619191918142e-45
21.043002	6.079817734990595e-45
21.091528	5.971021947222545e-45
21.140165	5.864195597617295e-45
21.188914	5.759302876385039e-45
21.237776	5.656308845566093e-45
21.28675	5.5551789708233286e-45
21.335838	5.4558795641334765e-45
21.385039000000006	5.3583771776779687e-45
21.434353	5.262639480578705e-45
21.48378	5.1686342192497964e-45
21.533322	5.0763302276568977e-45
21.582978	4.985696406367296e-45
21.632749	4.8967027148851357e-45
21.682634	4.8093193077535366e-45
21.732634	4.723516815799716e-45
21.78275	4.639266884762898e-45
21.832981	4.5565410646483364e-45
21.883328	4.475311764768438e-45
21.933791	4.3955520970815983e-45
21.984371	4.317235070148898e-45
22.035067	4.240334779329608e-45
22.08588	4.164825468340681e-45
22.13681	4.0906817913998427e-45
22.187858	4.017879188148049e-45
22.239023	3.946393107464976e-45
22.290306	3.8761998909482256e-45
22.341708	3.807275881578129e-45
22.393228	3.7395982915850267e-45
22.444867	3.6731444482867824e-45
22.496625	3.607892160695825e-45
22.548503	3.543819471280144e-45
22.6005	3.4809051286464156e-45
22.652617000000006	3.4191279823560995e-45
22.704854	3.3584676844349436e-45
22.757211	3.298903974999396e-45
22.809689	3.240417029964921e-45
22.862289	3.182987338920901e-45
22.915009	3.1265953655450896e-45
22.967852	3.071221780146025e-45
23.020816	3.0168476800022446e-45
23.073902	2.963454797890128e-45
23.12711	2.9110253754585605e-45
23.180442000000006	2.859541935849227e-45
23.233896	2.808987598013689e-45
23.287474	2.7593453235398398e-45
23.341175	2.710598973208569e-45
23.395	2.6627323467889004e-45
23.448949	2.615729602793615e-45
23.503022	2.5695753519784404e-45
23.55722	2.5242541427059367e-45
23.611543	2.47975116841e-45
23.665992000000006	2.436051654427876e-45
23.720566	2.3931408638281205e-45
23.775265	2.3510046848655997e-45
23.830091	2.3096288417256043e-45
23.885044	2.2689998613603992e-45
23.940123	2.2291048562796084e-45
23.995329	2.1899310372966004e-45
24.050662	2.151465808138816e-45
24.106123	2.1136967631017634e-45
24.161712	2.076611502441609e-45
24.217429	2.0401980897767043e-45
24.273275	2.004444142298361e-45
24.329249	1.9693365898752646e-45
24.385353	1.9348627670556248e-45
24.441586	1.901010227531776e-45
24.497948	1.867767691711684e-45
24.554441	1.8351241450458007e-45
24.611063	1.803069171603844e-45
24.667817000000007	1.7715922597423683e-45
24.724701	1.7406828947060638e-45
24.781716	1.7103306465487362e-45
24.838863	1.680525499489369e-45
24.896142	1.651257432534889e-45
24.953552	1.622516666225625e-45
25.011095	1.5942935771032358e-45
25.068771	1.5665788539609607e-45
25.12658	1.5393638027645288e-45
25.184522	1.5126395463728887e-45
25.242598	1.486397730561241e-45
25.300807	1.4606295118214888e-45
25.359151	1.4353263402614012e-45
25.41763	1.410479650660609e-45
25.476243	1.3860810906120998e-45
25.534991	1.3621225154191365e-45
25.593875	1.3385957635806247e-45
25.652895	1.315493096654529e-45
25.71205	1.2928066814956407e-45
25.771343	1.2705289544704006e-45
25.830772	1.248652401548176e-45
25.890338	1.227169699884324e-45
25.950041	1.2060737131591837e-45
26.009882	1.1853573493023607e-45
26.069861	1.1650136984962087e-45
26.129978	1.1450358256708846e-45
26.190234	1.1254172445231209e-45
26.250629	1.1061512363579041e-45
26.311163	1.0872313906688637e-45
26.371837	1.0686514643552243e-45
26.43265	1.0504051182821158e-45
26.493604	1.0324863099056248e-45
26.554699	1.014889028726329e-45
26.615934000000006	9.976074240857755e-46
26.677311	9.80635738530816e-46
26.738829	9.639682444742438e-46
26.800489	9.475993687424042e-46
26.862291	9.31523749723876e-46
26.924236	9.157359283546408e-46
26.986323	9.002306547763361e-46
27.048554	8.850028225060087e-46
27.110928	8.70047287806096e-46
27.173446	8.55359107589529e-46
27.236108	8.40933417317904e-46
27.298915	8.267654299538409e-46
27.361866	8.128504349230241e-46
27.424963	7.99183740546244e-46
27.488205	7.85760955719184e-46
27.551593	7.725777570500891e-46
27.615127	7.596297777499238e-46
27.678808	7.469129393652638e-46
27.742636	7.34423170659049e-46
27.80661	7.22156301637156e-46
27.870732	7.10108495875321e-46
27.935003	6.9827581565828105e-46
27.999421	6.8665443754446426e-46
28.063988	6.7524054542288075e-46
28.128704	6.6403053806409986e-46
28.193569	6.530207152329002e-46
28.258583	6.4220753681059615e-46
28.323748	6.315875172740248e-46
28.389062	6.2115717515062474e-46
28.454528000000003	6.109131332556491e-46
28.520144	6.008520178720891e-46
28.585912	5.90970654572544e-46
28.651831	5.8126577217811606e-46
28.717903000000003	5.71734199409296e-46
28.784126	5.6237286221760405e-46
28.850503000000003	5.53178687102001e-46
28.917032	5.44148649076036e-46
28.983715000000004	5.35279863565456e-46
29.050552000000003	5.265693984099999e-46
29.117543	5.180144136048999e-46
29.184688	5.0961211366809985e-46
29.251988	5.013597022699688e-46
29.319443	4.93254561142225e-46
29.387054	4.8529397971332114e-46
29.454821000000006	4.7747537846410004e-46
29.522744	4.697962180970888e-46
29.590824	4.6225391300828116e-46
29.65906	4.548460474944001e-46
29.727454	4.475702007810249e-46
29.796006	4.4042394823839976e-46
29.864716	4.334049874611608e-46
29.933584000000003	4.2651101049244905e-46
30.002611	4.197397869527038e-46
30.071797	4.130890806156491e-46
30.141143	4.065566505625001e-46
30.210649	4.00140292299049e-46
30.280315	3.938378372411039e-46
30.350142	3.876471915825638e-46
30.420129	3.815663733081759e-46
30.490278000000004	3.75593392373824e-46
30.560589	3.69726290279824e-46
30.631062	3.6396313964112395e-46
30.701697	3.5830204376142395e-46
30.772496000000004	3.527411737740249e-46
30.843457	3.472787294930559e-46
30.914583	3.4191290204676896e-46
30.985872	3.3664194831802485e-46
31.057326	3.314641527086491e-46
31.128944	3.26377790633041e-46
31.200728	3.21381344660544e-46
31.272677	3.16473105875481e-46
31.344792	3.1165142893710387e-46
31.417073	3.0691462520244116e-46
31.489521000000003	3.02261277949569e-46
31.562136	2.9769047425668103e-46
31.634919	2.9320130702688394e-46
31.707869	2.8879233131988093e-46
31.780988	2.8446141628825607e-46
31.854275	2.80206441039424e-46
31.927731	2.7602595961284108e-46
32.001357	2.7191874782168088e-46
32.075152	2.6788363185680103e-46
32.149118	2.6391925943046403e-46
32.223254	2.6002433257289996e-46
32.297561	2.561974780689e-46
32.372039	2.52437504911524e-46
32.446689	2.48743177300836e-46
32.521512	2.45113310649025e-46
32.596506	2.41546739067076e-46
32.671674	2.3804225338992398e-46
32.747015000000005	2.3459878695792398e-46
32.82253	2.3121513717759996e-46
32.898219	2.2789027272122498e-46
32.974083	2.2462320787922504e-46
33.050121000000004	2.21412941762401e-46
33.126335	2.18258547827776e-46
33.202725	2.1515899555340093e-46
33.27929	2.12113387476769e-46
33.356033000000004	2.0912069453203602e-46
33.432952	2.0618001946090003e-46
33.510049	2.0329042142002497e-46
33.587323	2.004510027571841e-46
33.664776	1.97660879692864e-46
33.742407	1.94919182131716e-46
33.820217	1.92225053475625e-46
33.898207	1.8957759536352397e-46
33.976376	1.8697606081856096e-46
34.054726	1.84419577733689e-46
34.133257	1.81907369188416e-46
34.211968	1.7943864331184096e-46
34.290861	1.7701262064288103e-46
34.369936	1.746285603841e-46
34.449194	1.7228570683522498e-46
34.528634000000004	1.6998329011969595e-46
34.608257	1.6772065639140097e-46
34.688064000000004	1.6549703263922496e-46
34.768055	1.6331178642249997e-46
34.84823	1.6116416755202497e-46
34.92859	1.5905353915944897e-46
35.009136	1.5697924890649595e-46
35.089867	1.5494062967522498e-46
35.170784999999995	1.52937024966441e-46
35.251889	1.5096786246240394e-46
35.33318	1.4903248058899602e-46
35.414659	1.47130301353984e-46
35.496325	1.4526070733222497e-46
35.57818	1.4342311493172094e-46
35.660224	1.41616973485849e-46
35.742456	1.3984171706996094e-46
35.824879	1.3809676512576399e-46
35.907491	1.3638159313200898e-46
35.990294	1.34695684587409e-46
36.073288	1.3303850782982404e-46
36.156473	1.3140953956000002e-46
36.23985	1.2980821914228099e-46
36.32342	1.2823406310630396e-46
36.407182	1.2668659540419599e-46
36.491137	1.251653025529e-46
36.575286	1.2366974607610001e-46
36.659629	1.2219949405454405e-46
36.744166	1.20754033126596e-46
36.828898	1.1933294577744398e-46
36.913826	1.1793577731097601e-46
36.99895	1.1656220977440399e-46
37.08427	1.1521188634239999e-46
37.169786	1.138843271556e-46
37.2555	1.1257906026758396e-46
37.341412	1.1129562150627606e-46
37.427521	1.10033680213636e-46
37.513829	1.08792847805161e-46
37.600336	1.0757274170598398e-46
37.687043	1.0637300588544096e-46
37.77395	1.05193248653376e-46
37.861057	1.0403312531356899e-46
37.948365	1.0289229636505594e-46
38.035874	1.0177040724942398e-46
38.123585	1.0066714902320401e-46
38.211498	9.958214941212732e-47
38.299614	9.851510757319727e-47
38.387933	9.746569944179526e-47
38.476456	9.643361179180691e-47
38.56518300000001	9.541853418772922e-47
38.654115	9.4420166736016e-47
38.743251	9.343821019287366e-47
38.832594	9.247237368778246e-47
38.922142	9.152237263990277e-47
39.011897	9.058792673736097e-47
39.101858	8.966875797700924e-47
39.192028	8.876459818381153e-47
39.282405	8.78751775538112e-47
39.37299	8.700023965618561e-47
39.463785	8.613952628749922e-47
39.554788	8.529278493852648e-47
39.646002	8.445976868784014e-47
39.737426	8.364023426851223e-47
39.829061	8.283394565080335e-47
39.920907	8.2040664839952e-47
40.012965	8.126016457136398e-47
40.105235	8.049221911111931e-47
40.197718	7.973660424576022e-47
40.290414	7.899310438144223e-47
40.383324	7.826150528974093e-47
40.476449	7.754159762097849e-47
40.569788	7.683317330757157e-47
40.663342	7.613603253569295e-47
40.757112	7.544997315459136e-47
40.851098	7.477480285380626e-47
40.945301	7.411032863070734e-47
41.039721	7.345636196515969e-47
41.134359	7.281271873676162e-47
41.229215	7.217921574555907e-47
41.32429000000001	7.155567578185743e-47
41.419584	7.094192245712784e-47
41.515098	7.033778523140624e-47
41.610832	6.97430959607822e-47
41.706787	6.915769384821021e-47
41.802963	6.858143192604652e-47
41.899361	6.801415698724415e-47
41.995982	6.745569494165055e-47
42.092825	6.690586924736062e-47
42.189891	6.636453029367184e-47
42.287181	6.583153376849953e-47
42.38469600000001	6.530673571131891e-47
42.482435	6.478998768403986e-47
42.5804	6.428114969376677e-47
42.678591	6.378008364404358e-47
42.777008	6.328665489468098e-47
42.875652	6.280072744548099e-47
42.974524	6.2322171861384475e-47
43.073623	6.185086043321123e-47
43.172951	6.1386664015281645e-47
43.272508	6.092945986155625e-47
43.372295	6.047912839915582e-47
43.472312	6.00355500737732e-47
43.57255900000001	5.959860689617956e-47
43.673038	5.916818395456161e-47
43.773748	5.874416936115024e-47
43.874691	5.832644961780024e-47
43.975866	5.791491725626202e-47
44.077275	5.750946466650025e-47
44.178918	5.710998712322501e-47
44.280795	5.671637972437281e-47
44.382906	5.63285418978965e-47
44.485254	5.594637433641484e-47
44.587837	5.556977897619601e-47
44.690657	5.519865749048403e-47
44.793714	5.483291869858007e-47
44.897009	5.447246663866223e-47
45.000541	5.411721241617604e-47
45.104313	5.376706382256782e-47
45.208324	5.342193562076722e-47
45.312575	5.30817406898509e-47
45.417066	5.274639441184368e-47
45.521798	5.241581173525225e-47
45.626772	5.20899115110228e-47
45.731987	5.176861355267283e-47
45.837446	5.145183862023968e-47
45.943147	5.113950983467235e-47
46.049092	5.083155121470002e-47
46.155282	5.052788624020898e-47
46.261716	5.022844211088728e-47
46.368396	4.9933146862921e-47
46.475322	4.964192935506842e-47
46.582494	4.935472065997223e-47
46.689914	4.907145122836324e-47
46.797581	4.879205369013481e-47
46.905497	4.851646421445122e-47
47.013661	4.824461412305647e-47
47.122075	4.797644380900902e-47
47.230739	4.771188741259265e-47
47.339654	4.745088530467611e-47
47.448819	4.719337575579225e-47
47.558236	4.693930044356643e-47
47.667906	4.668860167167363e-47
47.777829	4.644121963362026e-47
47.888005	4.6197101954025e-47
47.998435	4.595619003090025e-47
48.10912	4.571842993314024e-47
48.22006	4.54837709890565e-47
48.331255	4.525215901575625e-47
48.442708	4.502354307172225e-47
48.554417	4.47978727365137e-47
48.666384	4.457509943751395e-47
48.778609	4.4355172429030405e-47
48.891093	4.4138045460609e-47
49.003836	4.392367141804095e-47
49.116839	4.3712004976530247e-47
49.230103	4.3502998619808087e-47
49.343628	4.329660924425281e-47
49.45741500000001	4.309279416590405e-47
49.571464	4.2891508494088808e-47
49.685776	4.2692711689156e-47
49.800352	4.249636099128289e-47
49.915192	4.230241664734864e-47
50.030297	4.2110839279082247e-47
50.145667	4.1921587287219243e-47
50.26130300000001	4.1734624626802787e-47
50.377206	4.154991300845285e-47
50.493376	4.136741320790017e-47
50.609814	4.1187091492089004e-47
50.72652100000001	4.1008910592399986e-47
50.843497	4.0832834853306237e-47
50.960742	4.065883021332729e-47
51.078258	4.048686291386943e-47
51.196045	4.031689949448099e-47
51.314103	4.014890678817224e-47
51.432434	3.998285191680026e-47
51.551038	3.9818704810600966e-47
51.669915	3.965643314009317e-47
51.789066	3.949600610839103e-47
51.908492	3.933739443420899e-47
52.028193	3.9180569083394555e-47
52.14817100000001	3.9025500015744487e-47
52.268425	3.8872159934417637e-47
52.388956	3.872051927962596e-47
52.509766000000006	3.857055121777636e-47
52.63085400000001	3.842222913434888e-47
52.752221	3.827552663059525e-47
52.873868	3.8130417520282234e-47
52.995795	3.7986875826480353e-47
53.118004000000006	3.7844877008761006e-47
53.240495	3.7704395492490247e-47
53.36326800000001	3.7565407128906238e-47
53.486324	3.7427889180855683e-47
53.609663	3.729181786618729e-47
53.733288	3.7157168366223995e-47
53.857197	3.702392091871225e-47
53.98139200000001	3.689205105335929e-47
54.105874	3.6761539333770246e-47
54.230642	3.663236162806276e-47
54.355699	3.650449760778304e-47
54.48104300000001	3.637792830117924e-47
54.60667700000001	3.6252631263849635e-47
54.7326	3.61285878205772e-47
54.858814	3.6005778231842244e-47
54.985319	3.588418170207648e-47
55.112116	3.5763782367975846e-47
55.23920500000001	3.5644558509880964e-47
55.366587	3.5526493328510246e-47
55.494262	3.540956776271721e-47
55.622233	3.5293765260051357e-47
55.750498	3.517906819683025e-47
55.879059	3.5065459070490245e-47
56.007916	3.4952922862740104e-47
56.137071	3.4841439935830444e-47
56.266524	3.4730996676601e-47
56.396275	3.462157721050609e-47
56.526325	3.451316341889025e-47
56.656675	3.440574316775281e-47
56.787326	3.429929971884816e-47
56.918278	3.4193817612304e-47
57.04953199999999	3.4089282656167835e-47
57.181088	3.3985681916175994e-47
57.312948	3.388300021319236e-47
57.445113	3.3781224789379236e-47
57.577581	3.368033948605226e-47
57.710356	3.3580334040286807e-47
57.843436	3.348119246814225e-47
57.976824	3.3382904661994803e-47
58.110519	3.328545596215401e-47
58.244522	3.3188835255015035e-47
58.378834	3.309302919424681e-47
58.51345600000001	3.2998026812002817e-47
58.648389	3.2903814912514093e-47
58.783632	3.2810382670011036e-47
58.919188	3.271771932354025e-47
59.05505600000001	3.262581303380099e-47
59.191237	3.2534652031140254e-47
59.327733	3.244422689307557e-47
59.464543000000006	3.2354525977195204e-47
59.601669	3.226553884434169e-47
59.739111	3.2177256249999997e-47
59.87687	3.2089667869940483e-47
60.014946	3.2002762307282565e-47
60.15334100000001	3.1916530489100885e-47
60.29205500000001	3.183096339372095e-47
60.431089	3.174605205013225e-47
60.570443	3.166178528665636e-47
60.71011899999999	3.157815648858025e-47
60.850117	3.1495154588559355e-47
60.990438	3.1412770821274085e-47
61.131083	3.1330998708100004e-47
61.272051	3.124982733387025e-47
61.41334499999999	3.1169249191483296e-47
61.554965	3.1089255699076e-47
61.696911	3.1009840547904007e-47
61.839185	3.0930994126095986e-47
61.981786	3.085270798305797e-47
62.124717	3.0774975931392037e-47
62.267977	3.069779070814569e-47
62.41156700000001	3.0621142874678763e-47
62.555489	3.0545027462131354e-47
62.69974200000001	3.046943621562129e-47
62.844328	3.039436092228561e-47
62.989248	3.031979671462225e-47
63.134501	3.024573545031129e-47
63.28009	3.0172171224984e-47
63.426014	3.0099097066707354e-47
63.572275	3.0026506038238095e-47
63.718874	2.995439342588449e-47
63.86581	2.988275016623689e-47
64.013085	2.981157270000625e-47
64.160699	2.9740854213509746e-47
64.308655	2.9670587926112243e-47
64.456951	2.960076926614922e-47
64.605589	2.9531391510408485e-47
64.75457	2.9462449053383285e-47
64.903894	2.9393937400629763e-47
65.053563	2.9325849913024084e-47
65.203577	2.9258181064522234e-47
65.353937	2.9190926435623834e-47
65.504644	2.9124080548263603e-47
65.655698	2.905763794988769e-47
65.807101	2.8991594290086486e-47
65.95885200000001	2.892594416294025e-47
66.110954	2.8860683261795986e-47
66.263406	2.879580515328728e-47
66.41620999999999	2.873130772137649e-47
66.569367	2.866718350561537e-47
66.722876	2.8603430427306256e-47
66.87674	2.8540042143401606e-47
67.030958	2.8477015540996e-47
67.185532	2.8414345388916635e-47
67.340462	2.835202860904129e-47
67.49575	2.82900589456e-47
67.651395	2.822843442071843e-47
67.8074	2.8167150942347566e-47
67.963764	2.8106202315700884e-47
68.120489	2.804558660951057e-47
68.277576	2.798529978485957e-47
68.435024	2.7925336763360407e-47
68.592836	2.786569565569025e-47
68.751012	2.780637036208516e-47
68.909552	2.7747360076321687e-47
69.06845799999999	2.768865978600225e-47
69.22773000000001	2.763026555121001e-47
69.38736999999999	2.757217449879369e-47
69.54737800000001	2.751438376764025e-47
69.707755	2.7456889460596833e-47
69.868501	2.739968874362944e-47
70.029619	2.734277670283041e-47
70.19110699999999	2.7286152623502013e-47
70.35296899999999	2.722981161924864e-47
70.515203	2.7173750908887034e-47
70.677812	2.7117968764070567e-47
70.840795	2.7062460342144644e-47
71.00415500000003	2.7007223938256237e-47
71.167891	2.6952256816069687e-47
71.332004	2.6897555212996087e-47
71.49649699999998	2.684311641777649e-47
71.66136800000002	2.678893876513023e-47
71.82661999999998	2.673501852810889e-47
71.99225200000002	2.668135406076009e-47
72.15826700000002	2.662794165948361e-47
72.324665	2.6574778666343607e-47
72.491446	2.652186346381924e-47
72.658612	2.6469192382719606e-47
72.826163	2.641676485206564e-47
72.994101	2.6364577222167036e-47
73.162426	2.6312626883472237e-47
73.33113900000002	2.626091123650801e-47
73.500241	2.620942973961316e-47
73.669733	2.6158177761443554e-47
73.839616	2.610715477615921e-47
74.00989100000002	2.605635821794041e-47
74.18055799999998	2.600578553073424e-47
74.351619	2.5955435187115285e-47
74.523074	2.590530464740516e-47
74.694925	2.585539239847204e-47
74.867172	2.580569490081636e-47
75.039817	2.575621167334084e-47
75.212859	2.570694020848144e-47
75.3863	2.565787902110449e-47
75.560142	2.56090256194032e-47
75.73438399999998	2.5560377520819847e-47
75.909028	2.5511934272355995e-47
76.084075	2.5463693404029677e-47
76.259525	2.5415653463236003e-47
76.43538000000002	2.536781199527961e-47
76.611641	2.532016756084201e-47
76.788308	2.5272718725764425e-47
76.96538199999998	2.5225464061017635e-47
77.142865	2.517840013554889e-47
77.320757	2.513152754136025e-47
77.49906	2.508484386291985e-47
77.677773	2.5038346693422236e-47
77.856898	2.4992035634412245e-47
78.036437	2.4945908290826413e-47
78.21639	2.4899963274187695e-47
78.396757	2.485419920088196e-47
78.577541	2.4808615688295034e-47
78.758741	2.4763209369213144e-47
78.940359	2.4717979871524e-47
79.12239699999998	2.4672925830788016e-47
79.30485300000002	2.462804588729104e-47
79.48773100000003	2.45833376943857e-47
79.67103	2.4538800895157157e-47
79.854752	2.4494434143899035e-47
80.038898	2.4450236099524003e-47
80.22346800000003	2.4406205425537696e-47
80.408464	2.4362339802848406e-47
80.593887	2.431863889300625e-47
80.779737	2.4275102358529e-47
80.966016	2.4231726909358245e-47
81.15272399999998	2.418851320148761e-47
81.339863	2.4145458940048413e-47
81.527433	2.410256380187044e-47
81.715436	2.4059825502658557e-47
81.90387199999998	2.4017243726268806e-47
82.092743	2.3974818157435693e-47
82.28205	2.393254554651801e-47
82.471793	2.3890426565315564e-47
82.661973	2.384845895293457e-47
82.852592	2.380664240786601e-47
83.043651	2.376497662942225e-47
83.23515	2.372345839533289e-47
83.427091	2.36820893607701e-47
83.619475	2.3640866312718765e-47
83.812302	2.3599788963889955e-47
84.005574	2.3558857027760893e-47
84.199291	2.351806827875761e-47
84.393456	2.3477423405990496e-47
84.58806700000002	2.3436920191262483e-47
84.783128	2.339655835860121e-47
84.978639	2.3356335699624487e-47
85.1746	2.331625387626649e-47
85.371013	2.3276308755077285e-47
85.56788	2.3236502965135355e-47
85.7652	2.3196832383480995e-47
85.962975	2.315729867564961e-47
86.161206	2.3117899654799285e-47
86.359895	2.3078634102115287e-47
86.55904100000002	2.303950272268324e-47
86.758647	2.30005043006328e-47
86.958713	2.296163666563204e-47
87.15924100000002	2.2922900527139556e-47
87.360231	2.2884294678510235e-47
87.561684	2.2845817916954016e-47
87.763602	2.280746999865889e-47
87.965985	2.276925068042497e-47
88.168836	2.2731157812576165e-47
88.37215400000002	2.269319211066385e-47
88.57594	2.265535143179043e-47
88.780197	2.261763649348009e-47
88.984925	2.258004610993155e-47
89.190125	2.254257909908676e-47
89.395798	2.2505234282611246e-47
89.601945	2.246801332990095e-47
89.80856800000002	2.2430913168512254e-47
90.01566700000002	2.2393934521729e-47
90.223244	2.2357075273263606e-47
90.4313	2.2320337093152165e-47
90.639835	2.228371692519425e-47
90.848851	2.2247216439720255e-47
91.058349	2.2210833531136404e-47
91.268331	2.217456704234642e-47
91.478796	2.2138418642933607e-47
91.689747	2.210238529554277e-47
91.901184	2.206646773051681e-47
92.113109	2.203066573690895e-47
92.325522	2.1994977228328077e-47
92.538426	2.195940293661321e-47
92.75182	2.1923941718140806e-47
92.965707	2.188859430421504e-47
93.180086	2.1853357683806248e-47
93.39496	2.1818233526400644e-47
93.61033	2.1783220695600036e-47
93.826196	2.1748318058484638e-47
94.04256	2.171352541755076e-47
94.259423	2.1678842575759358e-47
94.476786	2.1644268406068006e-47
94.69465	2.160980364431715e-47
94.913016	2.1575446236881288e-47
95.131886	2.154119692125025e-47
95.351261	2.1507054577386002e-47
95.571142	2.1473019015421211e-47
95.79153	2.1439089119884961e-47
96.012426	2.1405265629306243e-47
96.233831	2.1371547430556415e-47
96.455747	2.133793341386e-47
96.678175	2.1304424319046547e-47
96.901115	2.127101903865225e-47
97.12457	2.123771646853609e-47
97.34854	2.120451827076496e-47
97.573027	2.1171421500825687e-47
97.798031	2.113842782090116e-47
98.023554	2.1105535212591202e-47
98.249597	2.1072744417934815e-47
98.476161	2.1040054341747204e-47
98.703248	2.100746572545604e-47
98.930858	2.0974976560149155e-47
99.158994	2.0942586673510398e-47
99.387655	2.0910296808172835e-47
99.616844	2.0878105876643558e-47
99.846561	2.0846013707792246e-47
100.07681	2.0814019218434565e-47
100.30759	2.0782123152073972e-47
100.5389	2.075032442770576e-47
100.77074	2.0718622877857968e-47
101.00312	2.0687017425782886e-47
101.23603	2.0655508815822243e-47
101.46948	2.0624096881651212e-47
101.70347	2.0592779642158226e-47
101.93799999999999	2.0561557842813171e-47
102.17307	2.0530432226704e-47
102.40868	2.0499399912451688e-47
102.64484	2.0468462551472245e-47
102.88154	2.0437619077602247e-47
103.11878	2.0406869331253688e-47
103.35658	2.0376213153203614e-47
103.59492	2.0345649482471037e-47
103.83381	2.0315179064037688e-47
104.07325	2.0284800838998002e-47
104.31324	2.0254514651602557e-47
104.55379	2.0224320346457638e-47
104.79489	2.0194216869765759e-47
105.03655	2.0164204966940408e-47
105.27876	2.0134284483650488e-47
105.52154	2.0104453472400996e-47
105.76487	2.0074713575745962e-47
106.00877	2.0045063744977966e-47
106.25322	2.001550293438721e-47
106.49824	1.9986031889476e-47
106.74383	1.9956650459996887e-47
106.98998	1.9927356710446237e-47
107.2367	1.9898152279490248e-47
107.48399	1.9869036126418091e-47
107.73185	1.9840008104313764e-47
107.98028	1.9811067176406251e-47
108.22928	1.9782214977488044e-47
108.47886	1.9753448693019035e-47
108.72901	1.972476995780929e-47
108.97974	1.9696177739013751e-47
109.23105	1.9667672780624999e-47
109.48294	1.963925316542809e-47
109.73541000000002	1.9610919638715238e-47
109.98846	1.9582672058499686e-47
110.24209	1.95545093987136e-47
110.49631	1.9526432403707287e-47
110.75112	1.9498440049334438e-47
111.00651	1.9470533079323294e-47
111.26249	1.9442710471443212e-47
111.51906	1.9414971206309286e-47
111.77623	1.93873169092296e-47
112.03398	1.93597456808352e-47
112.29234	1.9332259144562246e-47
112.55128	1.9304854525441009e-47
112.81083	1.9277534325037214e-47
113.07097	1.9250296650256006e-47
113.33171000000002	1.9223141367052087e-47
113.59306	1.9196068341691237e-47
113.855	1.9169078316400355e-47
114.11755	1.9142169406152245e-47
114.38071	1.9115343228834085e-47
114.64447	1.9088597902499995e-47
114.90883999999998	1.906193417000625e-47
115.17382	1.9035351899484847e-47
115.43942	1.9008850087395998e-47
115.70562	1.8982429475689004e-47
115.97244	1.895608993342464e-47
116.23987	1.8929830459806254e-47
116.50792	1.8903650926322408e-47
116.77658999999998	1.8877551204764162e-47
117.04588	1.8851532035592012e-47
117.31579	1.8825591553870235e-47
117.58632	1.879973136843649e-47
117.85747	1.8773949617350558e-47
118.12925	1.8748247907670088e-47
118.40166	1.8722624380439039e-47
118.67468999999998	1.8697079776144006e-47
118.94836	1.867161310478245e-47
119.22265	1.8646225969881762e-47
119.49758	1.8620915655376807e-47
119.77313999999998	1.8595683764803686e-47
120.04934	1.857053017357444e-47
120.32618	1.8545453896114885e-47
120.60365	1.8520454810184049e-47
120.88176	1.8495533653963555e-47
121.16052	1.8470689444516001e-47
121.43991	1.844592206048656e-47
121.71996	1.8421231380814439e-47
122.00064	1.839661728473284e-47
122.28198	1.8372079651768958e-47
122.56396	1.8347618361744e-47
122.84659	1.8323233294773155e-47
123.12988	1.829892433126564e-47
123.41382	1.8274690496946487e-47
123.69841	1.8250533383334477e-47
123.98366	1.8226451162327037e-47
124.26957	1.8202444570483287e-47
124.55613	1.8178512636952886e-47
124.84336	1.81546560977496e-47
125.13125	1.8130874835332252e-47
125.41981	1.8107167881403243e-47
125.70902	1.808353597117081e-47
125.99891	1.8059978138030886e-47
126.28946	1.8036495116660246e-47
126.58069	1.8013085942142754e-47
126.87259	1.7989750500342759e-47
127.16515	1.7966489525148145e-47
127.4584	1.7943302054162247e-47
127.75232	1.7920187974110482e-47
128.04692	1.7897148018104404e-47
128.34219	1.7874181226254233e-47
128.63815	1.7851287486146565e-47
128.93479	1.7828466685653612e-47
129.23212	1.780571955686976e-47
129.53013	1.7783044299828091e-47
129.82882	1.7760442490596002e-47
130.12821	1.7737913174256046e-47
130.42829	1.771545624011289e-47
130.72906	1.769307157775689e-47
131.03052	1.767075907706404e-47
131.33268	1.7648518628195997e-47
131.63553000000002	1.762635012160009e-47
131.93908000000002	1.7604254287157764e-47
132.24333	1.7582229337065615e-47
132.54828999999998	1.7560276002302888e-47
132.85395	1.7538394174459562e-47
133.16031	1.751658374541124e-47
133.46738	1.7494845443856004e-47
133.77515	1.7473177488649005e-47
134.08364	1.745158060957921e-47
134.39283999999998	1.7430054699664896e-47
134.70275	1.740859965220996e-47
135.01337	1.7387215360804003e-47
135.32472	1.736590088587396e-47
135.63678000000002	1.734465778898724e-47
135.94956000000002	1.7323485130630814e-47
136.26306	1.730238280553689e-47
136.57728	1.7281349877306494e-47
136.89223	1.7260387904581286e-47
137.2079	1.723949512061841e-47
137.52431	1.721867225270544e-47
137.84143999999998	1.7197920026406247e-47
138.1593	1.7177236678848998e-47
138.4779	1.715662293666915e-47
138.79723	1.7136078696880094e-47
139.1173	1.7115604684200998e-47
139.4381	1.709519914088281e-47
139.75965	1.7074862792710814e-47
140.08193	1.705459553784099e-47
140.40496000000002	1.7034397274715043e-47
140.72874	1.701426790206025e-47
141.05326000000005	1.6994208143370232e-47
141.37853	1.6974216248497288e-47
141.70455	1.695429294199281e-47
142.03132	1.6934438946756244e-47
142.35885	1.6914652516403293e-47
142.68713	1.689493519695601e-47
143.01617	1.687528524452521e-47
143.34596000000005	1.6855704203786016e-47
143.67651999999995	1.6836191153971846e-47
144.00784	1.6816746816835286e-47
144.33992	1.679736945344836e-47
144.67277	1.6778060605829616e-47
145.00638999999995	1.6758819356263696e-47
145.34077	1.673964560748545e-47
145.67593	1.6720539262515359e-47
146.01186	1.6701501042009e-47
146.34856000000005	1.6682530031280086e-47
146.68604	1.6663626950632358e-47
147.0243	1.6644790886887838e-47
147.36334	1.6626021744503606e-47
147.70316	1.6607320243263997e-47
148.04377	1.6588685472241007e-47
148.38516	1.6570118150880992e-47
148.72734	1.655161736975041e-47
149.0703	1.6533183847963237e-47
149.41406	1.6514817490343289e-47
149.75861	1.649651738969025e-47
150.10395	1.6478284264632098e-47
150.45009	1.6460118020870414e-47
150.79703	1.644201775342564e-47
151.14477	1.6423984180452244e-47
151.49331	1.6406017208529641e-47
151.84266000000005	1.638811674453121e-47
152.19281	1.637028269562435e-47
152.54377	1.6352514969270492e-47
152.89553	1.6334812664898004e-47
153.24811	1.6317177307646754e-47
153.6015	1.6299607997095293e-47
153.95571	1.6282104641880992e-47
154.31073	1.6264667150935288e-47
154.66657	1.6247295433483564e-47
155.02324	1.6229990204774433e-47
155.38072	1.6212749762734805e-47
155.73903	1.6195575628505288e-47
156.09816999999995	1.6178467711211555e-47
156.45813	1.616142511625625e-47
156.81892	1.6144447754637166e-47
157.18055	1.612753634082816e-47
157.54301	1.6110690785156252e-47
157.9063	1.6093910195906565e-47
158.27043999999995	1.6077195287188837e-47
158.63541	1.6060545168721005e-47
159.00122	1.6043961355473953e-47
159.36788	1.6027442156669436e-47
159.73539	1.6010988285952894e-47
160.10374	1.599459965576001e-47
160.47294	1.5978276178828965e-47
160.84299	1.5962017768200358e-47
161.21389	1.5945824337217288e-47
161.58565	1.5929696597765755e-47
161.95827	1.591363286691025e-47
162.33175	1.5897634654982435e-47
162.70609	1.5881701078299043e-47
163.08129	1.5865832848358435e-47
163.45736000000005	1.5850029082890249e-47
163.83428999999995	1.5834290493209758e-47
164.21209	1.5818616198453752e-47
164.59077	1.5803006909760152e-47
164.97031	1.5787462542336006e-47
165.35074	1.5771983011699362e-47
165.73203999999996	1.5756567439788485e-47
166.11422	1.574121733091209e-47
166.49728000000005	1.5725931014123562e-47
166.88121999999996	1.5710709200071694e-47
167.26605	1.5695552598177687e-47
167.65177	1.5680460332707207e-47
168.03837	1.5665432321355605e-47
168.42587	1.5650468482129287e-47
168.81426000000005	1.5635569524182439e-47
169.20355	1.562073536501776e-47
169.59373	1.560596513236996e-47
169.98481999999996	1.5591258745498238e-47
170.37681	1.5576617702661764e-47
170.7697	1.5562040343575045e-47
171.16349	1.5547527377046086e-47
171.5582	1.5533078722487294e-47
171.95381	1.551869429963076e-47
172.35034	1.5504374028528356e-47
172.74778	1.5490117829551686e-47
173.14614	1.5475926410181158e-47
173.54541	1.5461798903920357e-47
173.94561000000004	1.5447735232104494e-47
174.34673	1.5433736102104365e-47
174.74877	1.541980143483025e-47
175.15175	1.5405930366513212e-47
175.55565	1.5392123604432085e-47
175.96048000000005	1.5378381070478413e-47
176.36625	1.5364701902915562e-47
176.77295	1.535108759255296e-47
177.18059	1.533753727796224e-47
177.58917	1.5324050882349165e-47
177.99868999999995	1.531062911182401e-47
178.40916	1.5297271106990766e-47
178.82057	1.5283976792045285e-47
179.23293	1.5270746873068088e-47
179.64623999999995	1.5257580492682088e-47
180.06051000000005	1.5244479137840407e-47
180.47573	1.523144117095441e-47
180.89191	1.521846729809316e-47
181.30905	1.5205557444444152e-47
181.72715	1.5192712315088997e-47
182.14621	1.5179930276449e-47
182.56624	1.5167212813512355e-47
182.98724	1.515455907326449e-47
183.40921	1.5141969760838553e-47
183.83215	1.512944480248569e-47
184.25607	1.5116983347192246e-47
184.68097	1.5104586100151607e-47
185.10684	1.5092252988650005e-47
185.5337	1.507998394032025e-47
185.96154	1.5067778883141693e-47
186.39037	1.5055638521472155e-47
186.82019	1.5043561231608992e-47
187.25099999999998	1.5031549269737644e-47
187.6828	1.5019601013169e-47
188.1156	1.5007716391624359e-47
188.54939	1.499589610966225e-47
188.98419	1.4984140096786087e-47
189.41999	1.4972449056740006e-47
189.85679	1.496082137166841e-47
190.2946	1.4949257746329003e-47
190.73343	1.4937758884636094e-47
191.17326	1.4926324716984036e-47
191.61411	1.4914953629336893e-47
192.05597	1.4903647870890486e-47
192.49885	1.4892405828624005e-47
192.94276	1.4881228206780252e-47
193.38768	1.4870115708805214e-47
193.83364	1.4859066724516005e-47
194.28062	1.4848082729041e-47
194.72863	1.4837162884454445e-47
195.17768	1.482630712443136e-47
195.62776	1.4815516152830407e-47
196.07888	1.4804789903220492e-47
196.53104	1.4794128309544954e-47
196.98424	1.4783531306121633e-47
197.43849	1.477299882764281e-47
197.89378	1.476253080917521e-47
198.35012	1.4752127186160044e-47
198.80752	1.4741788662313693e-47
199.26597	1.4731515173023359e-47
199.72548	1.4721305886693152e-47
200.18605	1.4711161507374243e-47
200.64768	1.4701081971600999e-47
201.11038	1.4691067982870407e-47
201.57414	1.4681117945068091e-47
202.03897	1.467123332878116e-47
202.50487	1.466141407131076e-47
202.97185	1.465165934480196e-47
203.43991	1.4641969853399296e-47
203.90904	1.4632345535580014e-47
204.37926	1.4622786330215039e-47
204.85056	1.461329217656896e-47
205.32294	1.460386301430001e-47
205.79642	1.459449954751504e-47
206.27099	1.4585200952117765e-47
206.74665	1.4575968696091692e-47
207.22341	1.4566801192574408e-47
207.70127	1.455769914629809e-47
208.18023	1.454866249858681e-47
208.66029	1.4539691953787037e-47
209.14147	1.4530786690943607e-47
209.62375	1.4521947414749286e-47
210.10714	1.4513173305532808e-47
210.59165	1.4504465830034408e-47
211.07728	1.4495823407711614e-47
211.56402000000003	1.4487247505216892e-47
212.05189	1.4478737304760963e-47
212.54088	1.4470292750662433e-47
213.03099999999998	1.4461914548229757e-47
213.52226	1.4453602641952357e-47
214.01464	1.4445356976743036e-47
214.50816	1.443717749793796e-47
215.00282	1.442906415129664e-47
215.49861	1.442101688300195e-47
215.99556	1.441303639895025e-47
216.49364	1.4405122645545614e-47
216.99288	1.4397275569625644e-47
217.49327	1.4389494359791692e-47
217.99481	1.4381780481291238e-47
218.4975	1.437413312338756e-47
219.00136	1.4366552992716964e-47
219.50638	1.4359039279823295e-47
220.01256	1.4351592691820162e-47
220.51991	1.4344213178000248e-47
221.02844	1.4336900688099992e-47
221.53813	1.432965592939024e-47
222.049	1.4322478095024998e-47
222.56104	1.431536713607716e-47
223.07427	1.4308324517117158e-47
223.58868	1.4301348676313757e-47
224.10428	1.4294441078400992e-47
224.62107000000003	1.4287600163193641e-47
225.13904	1.4280828151402891e-47
225.65822000000003	1.427412348394321e-47
226.17859	1.4267486114502766e-47
226.70016	1.4260917507769002e-47
227.22293	1.4254416862204839e-47
227.74691	1.4247984132360038e-47
228.27209	1.424162002801041e-47
228.79849	1.4235323749539834e-47
229.3261	1.4229096007326765e-47
229.85493	1.4222936757294814e-47
230.38497	1.4216846709947555e-47
230.91624	1.4210824313790091e-47
231.44874	1.4204871788012013e-47
231.98246	1.4198987582239358e-47
232.51741	1.4193172408259293e-47
233.0536	1.41874262244e-47
233.59102	1.4181748989475692e-47
234.12969	1.4176141415810894e-47
234.66959	1.417060346275044e-47
235.21074	1.416513433740409e-47
235.75314	1.4159734753129287e-47
236.29679	1.4154405423202811e-47
236.84169	1.4149145556224993e-47
237.38785	1.4143955114024998e-47
237.93527000000003	1.413883556299449e-47
238.48395	1.413378536135329e-47
239.03389	1.412880522419809e-47
239.58511	1.4123895866599842e-47
240.13759	1.4119056500608888e-47
240.69135	1.4114288593441437e-47
241.24639	1.4109589855547556e-47
241.8027	1.4104963257306247e-47
242.3603	1.4100406510580643e-47
242.91919	1.4095921083662251e-47
243.47936	1.4091506192090247e-47
244.04083	1.4087163304369006e-47
244.60359	1.4082890886436838e-47
245.16764	1.4078690407395608e-47
245.733	1.4074561835342407e-47
246.29967	1.4070504388702411e-47
246.86763	1.4066518787081639e-47
247.43691	1.4062605000195994e-47
248.0075	1.405876299830289e-47
248.57941	1.4054993502000996e-47
249.15264	1.4051296482334812e-47
249.72719	1.4047671161297287e-47
250.30306	1.4044119010342555e-47
250.88026	1.404063925247281e-47
251.45879	1.4037232610270252e-47
252.03866	1.4033898308040249e-47
252.61986	1.4030637069300634e-47
253.2024	1.4027449617781697e-47
253.78629	1.4024335179482408e-47
254.37152000000003	1.4021293730203233e-47
254.95811	1.4018326743951366e-47
255.54604	1.401543269970481e-47
256.13532999999995	1.4012613072306257e-47
256.72598	1.4009867090790491e-47
257.31799	1.400719473358969e-47
257.91137000000003	1.4004597476620892e-47
258.50612	1.4002074550677154e-47
259.10223	1.399962593573476e-47
259.69973	1.3997252360616038e-47
260.29859	1.3994953058092404e-47
260.89885	1.3992728758047359e-47
261.50048	1.3990580190722555e-47
262.1035	1.3988506590689445e-47
262.70792	1.3986508689286804e-47
263.31372000000005	1.3984586470328407e-47
263.92092	1.3982739918240044e-47
264.52953	1.3980969018059562e-47
265.13954	1.3979273755436892e-47
265.75095	1.3977655612102094e-47
266.36377000000005	1.397611382698881e-47
266.97801	1.3974647639824e-47
267.59366	1.3973259281573284e-47
268.21074	1.3971947245486233e-47
268.82923	1.3970712268370555e-47
269.44915	1.396955434001689e-47
270.07051	1.3968474198340835e-47
270.69329	1.3967471086864e-47
271.31751	1.3966545744729647e-47
271.94317	1.3965698164212642e-47
272.57028	1.3964929085630406e-47
273.19882	1.3964238502500246e-47
273.82882	1.396362566164225e-47
274.46027000000004	1.3963091305284006e-47
275.09318	1.3962636176253213e-47
275.72755	1.396225952335449e-47
276.36338	1.396196209072681e-47
277.00067	1.3961743875838892e-47
277.63944	1.3961604876833612e-47
278.27968	1.3961545839831044e-47
278.92139	1.3961566764324006e-47
279.56459	1.3961667650492257e-47
280.20927	1.3961848499202486e-47
280.85543	1.3962109312008362e-47
281.50309	1.3962451585804964e-47
282.15223	1.3962873828910407e-47
282.80288	1.396337753965609e-47
283.45503	1.3963961975082248e-47
284.10868	1.3964627887641756e-47
284.76383	1.3965375283161757e-47
285.4205	1.3966204915609953e-47
286.07868	1.396711604486025e-47
286.73838	1.396810867888489e-47
287.3996	1.3969184321383838e-47
288.06235	1.3970342234402409e-47
288.72662	1.3971583175735613e-47
289.39243	1.397290640883201e-47
290.05977	1.397431344066289e-47
290.72865	1.3975803536190766e-47
291.39907	1.3977377456415607e-47
292.07104	1.3979034467712095e-47
292.7445600000001	1.3980776080473767e-47
293.41963	1.3982601562624894e-47
294.0962600000001	1.398451167848641e-47
294.77444	1.3986506445374436e-47
295.4542	1.3988585881371238e-47
296.1355200000001	1.399075000532521e-47
296.8184100000001	1.399299958499524e-47
297.5028700000001	1.3995334640949214e-47
298.18892	1.3997755942806248e-47
298.87654	1.4000262764556255e-47
299.56575	1.4002855129113203e-47
300.2565600000001	1.4005534557129605e-47
300.94895	1.4008300324968958e-47
301.64294	1.401115320675625e-47
302.33853	1.4014093229016034e-47
303.03573	1.401712041908025e-47
303.73453	1.402023555396025e-47
304.43494	1.402343791390161e-47
305.13697	1.4026728277710756e-47
305.84062	1.403010667622656e-47
306.54589	1.4033573890337447e-47
307.25279	1.4037129952809632e-47
307.96131	1.4040774897244844e-47
308.67148	1.404450950760024e-47
309.3832700000001	1.4048333069832357e-47
310.09672	1.405224636978276e-47
310.8118	1.4056250194555556e-47
311.52853	1.406034308271375e-47
312.2469200000001	1.4064527323062085e-47
312.96697	1.4068802205936036e-47
313.68867	1.4073167772368405e-47
314.41204	1.4077624814659214e-47
315.13708	1.408217337593284e-47
315.86378	1.4086814250840249e-47
316.59217	1.4091545983092644e-47
317.32223	1.4096370870779558e-47
318.05398	1.410128821029124e-47
318.78741	1.410629804955904e-47
319.52254	1.4111401188710242e-47
320.25936	1.411659767787721e-47
320.99788	1.4121887568100006e-47
321.73811	1.412727166305169e-47
322.48004	1.4132750016025004e-47
323.22368	1.4138322681235215e-47
323.96903	1.4143989713820159e-47
324.71611	1.4149752674486488e-47
325.4649100000001	1.415561011619364e-47
326.21543	1.416156360213608e-47
326.96769	1.4167612439323203e-47
327.72168	1.4173758193947042e-47
328.47741	1.4179999421955992e-47
329.23488	1.4186338445395364e-47
329.9941	1.4192773821968042e-47
330.75506	1.4199306369890896e-47
331.51779	1.420593690903696e-47
332.2822700000001	1.421266550696721e-47
333.04852	1.4219492232225633e-47
333.81653	1.4226417908697754e-47
334.58631	1.423344185290756e-47
335.35787	1.4240564891089283e-47
336.13121	1.4247787096300805e-47
336.90633	1.4255109297717211e-47
337.68324	1.4262532326298235e-47
338.46194	1.4270054748270758e-47
339.24243	1.427767815214225e-47
340.02473	1.4285402617212254e-47
340.80883	1.4293228223809952e-47
341.59474	1.4301155809631615e-47
342.3824600000001	1.4309185457702556e-47
343.17199	1.431731725209361e-47
343.96335	1.4325551277920995e-47
344.75653	1.4333888378548842e-47
345.55154	1.4342328641852886e-47
346.34839	1.435087291442116e-47
347.1470700000001	1.4359521286936809e-47
347.94759	1.436827309305025e-47
348.74996	1.4377129941585964e-47
349.55418	1.438609192716004e-47
350.36026	1.4395159145482084e-47
351.16819	1.4404331693355208e-47
351.97799	1.441361042798121e-47
352.78965	1.4422995449091606e-47
353.60319	1.4432486857527687e-47
354.4186	1.4442085515295362e-47
355.23589	1.4451791526221445e-47
356.05507	1.4461605755827243e-47
356.87613	1.4471527550145203e-47
357.69909	1.448155777748164e-47
358.52395	1.4491697308334438e-47
359.35071	1.4501945492163994e-47
360.17937	1.451230320230289e-47
361.00995	1.452277131432516e-47
361.84244	1.4533349181168995e-47
362.67685	1.4544037681293162e-47
363.51319	1.455483769544809e-47
364.35145	1.45657485801e-47
365.19165	1.457677198252521e-47
366.03379	1.458790726186161e-47
366.87786	1.4599154541455999e-47
367.72389	1.461051547479616e-47
368.57186	1.4621989424641e-47
369.42179	1.4633577283918806e-47
370.27368	1.4645278417225e-47
371.12753	1.4657095251913965e-47
371.98336	1.466902639027225e-47
372.84115	1.468107273228544e-47
373.70093	1.4693235180435359e-47
374.56268	1.4705513872773612e-47
375.42643	1.4717908948613294e-47
376.29216	1.4730421316133612e-47
377.1599	1.4743050350223998e-47
378.02963	1.4755797730521754e-47
378.90137	1.4768663603403607e-47
379.77512	1.4781647347604635e-47
380.65088	1.4794750649630241e-47
381.52867	1.4807973660768995e-47
382.40848	1.4821316533623689e-47
383.29031	1.4834780192430246e-47
384.17418	1.484836402280625e-47
385.06009	1.4862069723360255e-47
385.94804	1.487589745411225e-47
386.83804	1.4889846604684962e-47
387.73009	1.490391888092836e-47
388.6242	1.4918114448006247e-47
389.52037	1.493243424530064e-47
390.41861	1.4946877668608645e-47
391.31892	1.4961445660807838e-47
392.2213	1.4976139167662886e-47
393.1257700000001	1.4990957589129631e-47
394.03232	1.500590342402116e-47
394.94096	1.5020975301514085e-47
395.8517	1.5036174175680362e-47
396.76453	1.505150177950225e-47
397.67948	1.5066957521600404e-47
398.59653	1.5082542363900004e-47
399.51569	1.5098256494256243e-47
400.43698	1.511410087952164e-47
401.36039	1.5130076489652011e-47
402.28593	1.5146183519376032e-47
403.21361	1.5162422943699364e-47
404.14342	1.5178795740806765e-47
405.07538	1.519530211247104e-47
406.00948	1.5211943042050806e-47
406.94575	1.5228719516160637e-47
407.88417	1.5245632524703358e-47
408.82475	1.526268306090256e-47
409.7675	1.5279872121335288e-47
410.71243	1.5297201488197696e-47
411.65954	1.5314672948891553e-47
412.60883	1.5332285946703685e-47
413.5603	1.5350044626316893e-47
414.51398	1.536795000708529e-47
415.46985	1.5386003896500095e-47
416.42793	1.5404210462472037e-47
417.38821	1.5422572313258889e-47
418.35071	1.5441093636546493e-47
419.31543	1.5459779417934757e-47
420.28238	1.547863544352609e-47
421.25155	1.549767145194724e-47
422.22296	1.5516896419860634e-47
423.19661	1.5536324866610247e-47
424.17251	1.5555975294520956e-47
425.15065	1.557587335970961e-47
426.13105	1.5596056635366486e-47
427.11371	1.5616579394811232e-47
428.0986400000001	1.5637522951988639e-47
429.08584	1.5659017128185767e-47
430.07531	1.568127765765649e-47
431.06707	1.570468578623044e-47
432.06111	1.5729967454065288e-47
433.05745	1.5758653060088998e-47
434.05608	1.5794453222796965e-47
435.05702	1.5848431861879213e-47
436.06027	1.596731351092641e-47
437.06582	1.6576114747506258e-47
438.0737	7.961808016513297e-47
439.0839	1.635981165085695e-47
440.09643	1.6015668634155605e-47
441.1113	1.5963312255249964e-47
442.12851	1.595862038890564e-47
443.14806	1.596838043727936e-47
444.16996	1.598410395015625e-47
445.19422	1.6002865728307235e-47
446.22084	1.6023501423619553e-47
447.24983	1.6045572404556255e-47
448.28119	1.6069090425129001e-47
449.31493	1.6094597812333294e-47
450.35105	1.612382906542144e-47
451.38957	1.6162672183862754e-47
452.43047	1.624030437146121e-47
453.47378	1.6778022102482558e-47
454.5195	1.776526736490495e-47
455.56762	1.6339345268659354e-47
456.61816	1.6284269953355292e-47
457.67113	1.628821517712921e-47
458.72652	1.6304456320157287e-47
459.78435	1.6324892766056242e-47
460.84462	1.6347209902124884e-47
461.90733	1.6370547306440884e-47
462.97249000000005	1.6394523280028007e-47
464.04011	1.6418948741712036e-47
465.1101900000001	1.6443721656378808e-47
466.18273	1.646878189572009e-47
467.25776	1.6494093521522411e-47
468.33526	1.651963186922499e-47
469.41524	1.6545383589842888e-47
470.49772	1.6571337737364636e-47
471.58269	1.6597486592401685e-47
472.67016	1.6623824859056253e-47
473.76014	1.6650350490352806e-47
474.85264000000006	1.6677058983780248e-47
475.94765	1.6703950727980888e-47
477.0451900000001	1.6731022841663293e-47
478.14526	1.6758274891443839e-47
479.24786	1.6785706443517692e-47
480.35301	1.6813317883701159e-47
481.46071	1.6841107958505604e-47
482.57096	1.686907705408324e-47
483.68378	1.6897225558752251e-47
484.79915	1.6925553862996838e-47
485.91711	1.6954062359467204e-47
487.03763	1.6982751442979564e-47
488.16075	1.7011620685613158e-47
489.28645	1.7040671310011044e-47
490.41475	1.706990454379081e-47
491.54565	1.709931913850328e-47
492.67916	1.7128917153132153e-47
493.81528	1.7158698169174807e-47
494.95402	1.7188664254977954e-47
496.09539	1.7218814167224812e-47
497.23939	1.7249149981532159e-47
498.38602	1.727967211880625e-47
499.53531	1.7310381002165162e-47
500.68724	1.7341277889796e-47
501.84183	1.7372362377875554e-47
502.99908	1.7403635730522258e-47
504.159	1.743509838197449e-47
505.32159	1.7466752440435354e-47
506.48687	1.7498596675929758e-47
507.65483	1.7530633204208014e-47
508.82549000000006	1.7562862473087604e-47
509.99884	1.7595284932667558e-47
511.1749	1.7627901875040255e-47
512.3536799999998	1.7660712916717999e-47
513.53517	1.7693720197212164e-47
514.71938	1.7726924180493167e-47
515.90633	1.7760325332860012e-47
517.09601	1.7793924966597153e-47
518.28844	1.782772271060544e-47
519.48362	1.7861720728706406e-47
520.68155	1.7895918655306236e-47
521.88225	1.79303186645885e-47
523.08571	1.7964920396520246e-47
524.29195	1.7999724338707245e-47
525.50097	1.803473352917041e-47
526.71278	1.8069946767376003e-47
527.9273900000002	1.81053654016e-47
529.1447900000002	1.8140989934020798e-47
530.365	1.8176822574612253e-47
531.58803	1.8212862128408999e-47
532.8138700000002	1.824911166802441e-47
534.04255	1.8285570002569e-47
535.27405	1.8322239361152249e-47
536.5084	1.8359120268319352e-47
537.74559	1.8396214108928636e-47
538.98564	1.8433520556441761e-47
540.2285400000002	1.8471041002466014e-47
541.47431	1.8508776844615837e-47
542.72296	1.8546728625235689e-47
543.97448	1.858489688921616e-47
545.2288900000002	1.8623283910182093e-47
546.4861900000002	1.8661888515504632e-47
547.74639	1.8700712987510404e-47
549.0095	1.8739757886713645e-47
550.27552	1.8779024642919853e-47
551.54446	1.8818512956961003e-47
552.81633	1.8858225134193638e-47
554.09112	1.8898160881602248e-47
555.3688599999998	1.8938322516214883e-47
556.64955	1.8978709751227199e-47
557.9331900000002	1.9019324915448014e-47
559.21978	1.9060166855184003e-47
560.50935	1.9101238782412966e-47
561.8018900000002	1.9142540422917208e-47
563.09741	1.9184072377398763e-47
564.39591	1.9225837003147288e-47
565.69742	1.9267834034098802e-47
567.00192	1.9310064960819612e-47
568.30943	1.935253040063121e-47
569.61995	1.9395231854403234e-47
570.9335	1.9438170829650802e-47
572.25008	1.9481347075070413e-47
573.56969	1.9524762105698883e-47
574.89235	1.9568416558572101e-47
576.2180599999998	1.9612312844956806e-47
577.54682	1.9656450726752158e-47
578.87865	1.9700830852419235e-47
580.2135400000002	1.9745455650678811e-47
581.55152	1.979032578169761e-47
582.89258	1.9835441017780095e-47
584.23674	1.9880803805310248e-47
585.5839900000002	1.9926414816141687e-47
586.93435	1.9972275618839038e-47
588.28783	2.001838599931921e-47
589.6444299999998	2.0064747534034806e-47
591.00415	2.0111361806502486e-47
592.3670099999998	2.0158229509388886e-47
593.7330099999998	2.0205352237324957e-47
595.10217	2.0252729791990886e-47
596.47448	2.0300364677174762e-47
597.84995	2.0348257603758486e-47
599.2286	2.0396409285634567e-47
600.61042	2.0444821344024996e-47
601.9954299999998	2.0493494502070809e-47
603.38364	2.0542429485950488e-47
604.77505	2.0591627932440003e-47
606.1696599999998	2.0641091485710245e-47
607.5675	2.0690820887628958e-47
608.96855	2.0740816883155685e-47
610.37284	2.079108113228644e-47
611.78036	2.0841614389486886e-47
613.1911299999998	2.089241741234176e-47
614.60516	2.0943492792117198e-47
616.0224400000002	2.099484038296129e-47
617.44299	2.1046462790277765e-47
618.8668200000002	2.1098358957025002e-47
620.2939299999998	2.115053241925264e-47
621.72433	2.1202982125164153e-47
623.15804	2.1255711627428895e-47
624.59504	2.130871987954162e-47
626.03536	2.136201045093025e-47
627.47901	2.1415582300427286e-47
628.92598	2.1469438087656254e-47
630.37629	2.1523578629071212e-47
631.8299400000002	2.1578004744411609e-47
633.2869400000002	2.1632718186921958e-47
634.74731	2.168771978645775e-47
636.21104	2.1743011308776038e-47
637.67815	2.1798594527712253e-47
639.14864	2.1854469355276971e-47
640.62252	2.19106375744e-47
642.0998	2.1967100038793285e-47
643.58049	2.2023859482722244e-47
645.0645900000002	2.2080915834122246e-47
646.55211	2.213827090152976e-47
648.0430700000002	2.219592650177809e-47
649.53746	2.2253882573084413e-47
651.0353	2.231214094161441e-47
652.53659	2.2370703441916836e-47
654.04134	2.242957191697161e-47
655.54957	2.2488746321346006e-47
657.06127	2.254822850750625e-47
658.57646	2.2608020336436637e-47
660.09514	2.266812177324601e-47
661.6173200000002	2.2728536595470244e-47
663.14302	2.2789263825624037e-47
664.67223	2.2850305347720485e-47
666.20497	2.291166305444641e-47
667.74125	2.2973338847211203e-47
669.2810599999998	2.303533367629321e-47
670.82443	2.3097647534401435e-47
672.37136	2.316028426267689e-47
673.92185	2.32232429025e-47
675.47592	2.3286526348932253e-47
677.03357	2.3350135578324836e-47
678.5948099999998	2.3414072538480985e-47
680.1596599999998	2.347833821711401e-47
681.72811	2.35429336056572e-47
683.30018	2.3607861642780836e-47
684.8758799999998	2.367312138921024e-47
686.45521	2.373871677091236e-47
688.03818	2.380464783060049e-47
689.6248	2.387091656368385e-47
691.21508	2.3937523996281203e-47
692.80903	2.4004472138208805e-47
694.40665	2.4071762027323244e-47
696.0079599999998	2.4139395687958813e-47
697.6129599999998	2.4207374169800995e-47
699.2216599999998	2.427569852640625e-47
700.83407	2.434437178880255e-47
702.4502	2.4413395026675703e-47
704.07005	2.4482768324042243e-47
705.6936400000002	2.455249473624676e-47
707.32098	2.4622576341418805e-47
708.95207	2.4693012245800967e-47
710.58691	2.476380652456516e-47
712.2255299999998	2.483495928718596e-47
713.86793	2.490647263768225e-47
715.51412	2.497834868982337e-47
717.1641	2.5050588566169684e-47
718.81788	2.5123193393337637e-47
720.47548	2.519616530591524e-47
722.1369	2.526950544301089e-47
723.80216	2.5343215954661156e-47
725.47125	2.5417297992560405e-47
727.14419	2.5491754732096007e-47
728.82099	2.55665853195492e-47
730.50166	2.564179395726528e-47
732.1862	2.571738081262248e-47
733.87463	2.579334706696801e-47
735.56695	2.5869695940321216e-47
737.2631700000002	2.5946428631437696e-47
738.96331	2.6023546343318413e-47
740.6673599999998	2.6101050283209687e-47
742.37535	2.617894370921769e-47
744.08727	2.6257227846252492e-47
745.80314	2.633590392353361e-47
747.52297	2.64149742025e-47
749.24676	2.6494439925624987e-47
750.97453	2.657430233972361e-47
752.70628	2.6654564761074815e-47
754.4420299999998	2.673522845454401e-47
756.18178	2.681629468940305e-47
757.9255400000002	2.6897765776591353e-47
759.67332	2.697964299892624e-47
761.42514	2.7061927643663996e-47
763.1809900000002	2.714462308652005e-47
764.9408900000002	2.7227730633192037e-47
766.70485	2.7311251593882236e-47
768.47288	2.739518833010569e-47
770.2449799999998	2.7479542165904887e-47
772.02117	2.756431547989441e-47
773.8014599999998	2.7649509610056015e-47
775.58585	2.7735126952225e-47
777.3743599999998	2.7821169913337287e-47
779.16699	2.7907638798377605e-47
780.96375	2.799453708498497e-47
782.7646599999998	2.8081865089056246e-47
784.5697200000002	2.8169626309043563e-47
786.37895	2.8257822134995687e-47
788.1923400000002	2.834645502649321e-47
790.00992	2.843552532150841e-47
791.83169	2.852503762874896e-47
793.65766	2.861499123252325e-47
795.48784	2.87053896946292e-47
797.3222400000002	2.879623444867129e-47
799.16087	2.8887526933059227e-47
801.00374	2.8979270744304037e-47
802.85086	2.9071467340693677e-47
804.7022400000002	2.9164118185389687e-47
806.55789	2.9257226910024997e-47
808.41782	2.935079283082385e-47
810.28204	2.944482068138725e-47
812.1505599999998	2.9539311960064e-47
814.02338	2.963426817017955e-47
815.90052	2.9729693001033644e-47
817.7819999999999	2.9825586884192487e-47
819.6678099999998	2.9921952437254427e-47
821.5579700000002	3.001879338569282e-47
823.45249	3.011611127909904e-47
825.35138	3.0213908771524005e-47
827.25464	3.03121896304105e-47
829.1623	3.041095543684641e-47
831.07435	3.0510209986583037e-47
832.99082	3.0609955988502263e-47
834.9117	3.0710200597362256e-47
836.83701	3.0810946568968804e-47
838.76676	3.0912202231800486e-47
840.7009699999999	3.1013975963772485e-47
842.6396300000001	3.1116285117727297e-47
844.58276	3.1219151625581996e-47
846.53038	3.132261770691769e-47
848.4824800000001	3.142677070372225e-47
850.4390900000002	3.153180410256969e-47
852.40021	3.1638262544099983e-47
854.36585	3.17481999058268e-47
856.33603	3.187586047781521e-47
858.31074	3.3758063808560993e-47
860.2900099999998	3.2112615439840366e-47
862.27385	3.217659937785241e-47
864.26226	3.227775145774144e-47
866.25525	3.238391397941955e-47
868.25285	3.249181718540837e-47
870.25504	3.26007163417937e-47
872.26186	3.271037304438289e-47
874.2733	3.282069967158609e-47
876.28938	3.2931669981988843e-47
878.31011	3.304330353723025e-47
880.3355	3.315568336464784e-47
882.36556	3.3269085700095996e-47
884.4003	3.3384662290094437e-47
886.43974	3.3512204921345275e-47
888.4838699999998	4.3029696888506244e-47
890.5327199999998	3.3737874166819693e-47
892.5863	3.384202757557801e-47
894.64461	3.3955777349553955e-47
896.7076699999999	3.407147724325283e-47
898.7754800000001	3.418814923420689e-47
900.84807	3.430554895341722e-47
902.92543	3.442359462797376e-47
905.00758	3.454225210839649e-47
907.09454	3.466150819700626e-47
909.1863	3.4781355495184e-47
911.28289	3.490179127196644e-47
913.38432	3.502281632086084e-47
915.49059	3.5144430247766426e-47
917.60172	3.526663502375524e-47
919.71771	3.5389431436262893e-47
921.83859	3.551282265428496e-47
923.96436	3.563681066730624e-47
926.09503	3.5761397470955564e-47
928.23061	3.5886585067005704e-47
930.37112	3.6012376663579677e-47
932.51656	3.6138775483362257e-47
934.66695	3.6265782354820855e-47
936.8223	3.639340172379136e-47
938.98262	3.652163443329426e-47
941.14792	3.665048495646736e-47
943.31821	3.677995657683361e-47
945.49351	3.6910048947568807e-47
947.67383	3.7040767797101286e-47
949.85917	3.717211522785721e-47
952.04955	3.73040933486393e-47
954.24499	3.7436705498337636e-47
956.44548	3.7569953805035575e-47
958.65105	3.770384285937025e-47
960.86171	3.7838373585132166e-47
963.07746	3.797355060118489e-47
965.29833	3.8109376081152635e-47
967.52431	3.8245852205193606e-47
969.75543	3.838298239908e-47
971.99169	3.8520770104006075e-47
974.23312	3.865921877665442e-47
976.4797	3.8798329397730254e-47
978.73147	3.893810793765647e-47
980.98844	3.9078554149169645e-47
983.2506	3.921967278374544e-47
985.51799	3.936146736283524e-47
987.7906	3.9503940166655993e-47
990.06845	3.9647094741517215e-47
992.35156	3.9790933388030254e-47
994.63993	3.9935459677510823e-47
996.93357	4.0080677197272037e-47
999.23251	4.0226588282203565e-47
1001.5367	4.0373196544888347e-47
1003.8463	4.0520504340955225e-47
1006.1612	4.066851658384385e-47
1008.4814	4.0817235657034244e-47
1010.807	4.096666395102436e-47
1013.1379	4.11168051457777e-47
1015.4742	4.126766293767746e-47
1017.8159	4.1419241039595245e-47
1020.163	4.157154060192015e-47
1022.5155	4.1724567940262496e-47
1024.8734	4.187832422879297e-47
1027.2368	4.203281193602089e-47
1029.6056	4.2188037434777615e-47
1031.9799	4.2344001928083613e-47
1034.3596	4.2500707920494893e-47
1036.7449	4.2658161842626547e-47
1039.1356	4.281636492666225e-47
1041.5319	4.297532102469225e-47
1043.9336	4.313503269234754e-47
1046.3410000000001	4.329550512462401e-47
1048.7538	4.34567409066253e-47
1051.1723	4.3618743951821438e-47
1053.5963	4.378151686765609e-47
1056.0259	4.39450635949133e-47
1058.4611	4.410938676350404e-47
1060.9019	4.427449167246401e-47
1063.3483	4.444038098177163e-47
1065.8004	4.460705869482256e-47
1068.2582	4.47745274944044e-47
1070.7216	4.494279275256996e-47
1073.1907	4.5111855839296e-47
1075.6655	4.528172081389634e-47
1078.146	4.5452393101921e-47
1080.6322	4.562387545520706e-47
1083.1241	4.579617063345425e-47
1085.6218	4.5969282760238e-47
1088.1253	4.6143217335824005e-47
1090.6345	4.631797444436099e-47
1093.1495	4.649356233971342e-47
1095.6703	4.666998112715759e-47
1098.1969	4.684723637491682e-47
1100.7294	4.70253323085036e-47
1103.2677	4.720427042372496e-47
1105.8118	4.73840577209424e-47
1108.3618	4.75646957226857e-47
1110.9177	4.774618871312689e-47
1113.4795	4.792854099515361e-47
1116.0472	4.811175689044323e-47
1118.6208	4.829583934963264e-47
1121.2004	4.8480794116788e-47
1123.7859	4.866662277992089e-47
1126.3773	4.885333111844963e-47
1128.9747	4.904092214042175e-47
1131.5782	4.922940026559556e-47
1134.1876	4.941876993295225e-47
1136.803	4.960903560077123e-47
1139.4245	4.980020033532049e-47
1142.052	4.999226721144101e-47
1144.6856	5.018524214620849e-47
1147.3253	5.037912966758048e-47
1149.971	5.057393290083902e-47
1152.6229	5.07696564050324e-47
1155.2808	5.096630333113345e-47
1157.9449	5.11638797000276e-47
1160.6151	5.136238869683364e-47
1163.2915	5.156183495164902e-47
1165.9741	5.176222311457023e-47
1168.6628	5.196355641405507e-47
1171.3578	5.216584097653776e-47
1174.0589	5.236907861789289e-47
1176.7663	5.257327550219758e-47
1179.48	5.27784363721536e-47
1182.1998	5.298456453507012e-47
1184.9260000000002	5.319166476603454e-47
1187.6585	5.339974332216385e-47
1190.3972	5.360880209953028e-47
1193.1423	5.381884739368901e-47
1195.8937	5.402988406230529e-47
1198.6514	5.424191551090319e-47
1201.4155	5.445494810611214e-47
1204.1860000000001	5.466898676833443e-47
1206.9628	5.488403792072645e-47
1209.7461	5.510010505008025e-47
1212.5358	5.531719611531962e-47
1215.3319	5.553531762968485e-47
1218.1345	5.575448061979928e-47
1220.9435	5.597469767737601e-47
1223.759	5.619598897152254e-47
1226.5810000000001	5.641839434128042e-47
1229.4095	5.664199757330885e-47
1232.2445	5.686703693575695e-47
1235.0861	5.709447190861457e-47
1237.9342	5.733216129744017e-47
1240.7889	1.01462528725321e-46
1243.6502	5.778679158605377e-47
1246.518	5.800629527954495e-47
1249.3925	5.823512797059136e-47
1252.2736	5.846628600562497e-47
1255.1614	5.869890096883263e-47
1258.0558	5.893276231976328e-47
1260.9569	5.916781165819455e-47
1263.8646	5.9404045589603995e-47
1266.7791	5.964151009703056e-47
1269.7003	5.988037841702569e-47
1272.6283	6.012152919629475e-47
1275.563	6.037791641619987e-47
1278.5044	6.064478245057601e-47
1281.4527	6.084760211746129e-47
1284.4077	6.108939016728804e-47
1287.3696	6.133401494753294e-47
1290.3382	6.158014240136259e-47
1293.3138	6.182754272162064e-47
1296.2962	6.207615441250084e-47
1299.2854	6.232595809197679e-47
1302.2816	6.257694843881646e-47
1305.2847	6.282912482280625e-47
1308.2947	6.308248817515224e-47
1311.3116	6.333704418761477e-47
1314.3355	6.359279698088463e-47
1317.3664	6.384975068669521e-47
1320.4042	6.410791104917056e-47
1323.4491	6.436728223183729e-47
1326.501	6.462787001714521e-47
1329.5599	6.488968021165161e-47
1332.6259	6.515271703176286e-47
1335.6989	6.54169879403136e-47
1338.779	6.568249719578121e-47
1341.8663	6.594925069212736e-47
1344.9606	6.621725434780223e-47
1348.0621	6.648651410583165e-47
1351.1708	6.675703429980484e-47
1354.2866	6.702882091219159e-47
1357.4096	6.730188159100175e-47
1360.5398	6.7576222378385645e-47
1363.6772	6.785184769406289e-47
1366.8218	6.812876196942202e-47
1369.9737	6.8406972955860635e-47
1373.1329	6.868648844345346e-47
1376.2993	6.89673096174048e-47
1379.4731	6.924944763360007e-47
1382.6542	6.953290370777665e-47
1385.8426	6.981768739606443e-47
1389.0384	7.010380328384196e-47
1392.2415	7.039125932451004e-47
1395.4520000000002	7.06800584667349e-47
1398.6699	7.097020871217127e-47
1401.8953	7.126171641389025e-47
1405.1281	7.155458795103028e-47
1408.3683	7.18488297288872e-47
1411.616	7.214444648024766e-47
1414.8712	7.24414463547668e-47
1418.1339	7.273983413097797e-47
1421.4041	7.303961630915524e-47
1424.6819	7.33408011289154e-47
1427.9672	7.364339343801444e-47
1431.2601	7.394739981670276e-47
1434.5606	7.425282687206397e-47
1437.8687	7.455968123810705e-47
1441.1845	7.486796957585841e-47
1444.5079	7.517770030755622e-47
1447.8389	7.548887668392225e-47
1451.1776	7.580150543683601e-47
1454.5241	7.611559681528011e-47
1457.8782	7.643115413057568e-47
1461.2401	7.674818594905764e-47
1464.6097	7.70666991234488e-47
1467.9871	7.7386698774841e-47
1471.3723	7.770819356366998e-47
1474.7653	7.803118865949698e-47
1478.1661	7.835569278599999e-47
1481.5748	7.86817129356037e-47
1484.9913	7.900925257348201e-47
1488.4157	7.93383240707597e-47
1491.848	7.966892916047211e-47
1495.2882	8.000108029282332e-47
1498.7364	8.033477923568242e-47
1502.1925	8.06700367225e-47
1505.6565	8.100685994523722e-47
1509.1286	8.134525432092819e-47
1512.6086	8.168522708814401e-47
1516.0967	8.202678732586881e-47
1519.5929	8.236994234220545e-47
1523.0970000000002	8.271469765559642e-47
1526.6093	8.306106244416961e-47
1530.1297	8.340904410416705e-47
1533.6582	8.375865189181011e-47
1537.1948	8.410989143988027e-47
1540.7396	8.446277207176897e-47
1544.2926	8.481730315616099e-47
1547.8537	8.517349595302144e-47
1551.4231	8.553136178349883e-47
1555.0007	8.589091944441318e-47
1558.5865	8.625219342899481e-47
1562.1806	8.661524376770719e-47
1565.783	8.698023168555252e-47
1569.3937	8.734785805925777e-47
1573.0128	8.772574552452529e-47
1576.6401	8.821938874481327e-47
1580.2759	8.845925801939523e-47
1583.92	8.882909627157719e-47
1587.5725	8.920322511556683e-47
1591.2335	8.95795788002712e-47
1594.9029	8.995786099669923e-47
1598.5807	9.033801995079225e-47
1602.2671	9.072013677800159e-47
1605.9619	9.110471512464102e-47
1609.6653	9.149985584980248e-47
1613.3772	9.189608553102913e-47
1617.0976	9.226671951691488e-47
1620.8267	9.265640682207204e-47
1624.5643	9.304878280469207e-47
1628.3106	9.34431729598808e-47
1632.0655	9.38394646787598e-47
1635.829	9.423762784188488e-47
1639.6013	9.463765927408323e-47
1643.3822	9.503956158391695e-47
1647.1719	9.544333931741444e-47
1650.9702	9.584899897860004e-47
1654.7774	9.625655101238932e-47
1658.5933	9.666600001439162e-47
1662.4181	9.707735649176964e-47
1666.2516	9.74906290269965e-47
1670.094	9.79058262360113e-47
1673.9452	9.832295478516614e-47
1677.8054	9.874202533236484e-47
1681.6744	9.916304659454736e-47
1685.5524	9.9586027322544e-47
1689.4393	1.0001098030140104e-46
1693.3351	1.0043789834064102e-46
1697.24	1.00866810303009e-46
1701.1538	1.0129772311432898e-46
1705.0767	1.0173064371792103e-46
1709.0086	1.0216555885920398e-46
1712.9496	1.0260251590409997e-46
1716.8997	1.0304150167609597e-46
1720.8588	1.03482523188496e-46
1724.8272	1.0392560786088099e-46
1728.8046	1.0437074244000005e-46
1732.7913	1.04817954468096e-46
1736.7871	1.05267230640324e-46
1740.7921	1.0571861918593598e-46
1744.8064	1.06172086272256e-46
1748.83	1.06627680340624e-46
1752.8628	1.07085388114849e-46
1756.9049	1.0754521690080098e-46
1760.9563	1.0800717402249998e-46
1765.0171	1.08471287652025e-46
1769.0872	1.0893756528385603e-46
1773.1668	1.09406014431289e-46
1777.2557	1.09876642626436e-46
1781.3541	1.10349436410756e-46
1785.4619	1.1082444532776098e-46
1789.5792	1.113016560016e-46
1793.7060000000001	1.11781097184964e-46
1797.8423	1.1226275544974399e-46
1801.9881	1.1274665967772899e-46
1806.1435	1.132327963881e-46
1810.3085	1.1372121592022499e-46
1814.4831	1.14211883504016e-46
1818.6673	1.1470484970122505e-46
1822.8611	1.1520007959690002e-46
1827.0647	1.1569764548865599e-46
1831.2779	1.16197490896036e-46
1835.5008	1.16699688434169e-46
1839.7335	1.1720420303592098e-46
1843.9759	1.17711064377729e-46
1848.2282	1.18220280597225e-46
1852.4902	1.1873185985222498e-46
1856.7621	1.1924581032072894e-46
1861.0438	1.1976216208809993e-46
1865.3353	1.20280923514756e-46
1869.6368	1.20802081e-46
1873.9482	1.2132568686243601e-46
1878.2696	1.21851727590609e-46
1882.6009	1.22380255878721e-46
1886.9422	1.2291136917159996e-46
1891.2935	1.2344543236e-46
1895.6548	1.2398902672129599e-46
1900.0262	1.2453160575312899e-46
1904.4077	1.25060584936401e-46
1908.7992	1.2560312499840001e-46
1913.2009	1.26148771170409e-46
1917.6128	1.2669710827236093e-46
1922.0348	1.27248055863184e-46
1926.4671	1.278016684036e-46
1930.9095	1.2835822736184096e-46
1935.3622	1.2892825829696399e-46
1939.8252	1.2948032103936398e-46
1944.2984	1.3004168243072398e-46
1948.7820000000002	1.3060784656764099e-46
1953.2759	1.3117686684300898e-46
1957.7802	1.3174857019968398e-46
1962.2948	1.3232294305524098e-46
1966.8199	1.3289997165062498e-46
1971.3554	1.3347971136896405e-46
1975.9013	1.340621253904e-46
1980.4578	1.3464726934512101e-46
1985.0247	1.35235106257969e-46
1989.6022	1.3582569200718398e-46
1994.1903	1.3641898946131598e-46
1998.7889	1.37015054747649e-46
2003.3981	1.37613897501025e-46
2008.0179	1.3821550386708097e-46
2012.6484	1.38819906938596e-46
2017.2896	1.3942711642147596e-46
2021.9415	1.4003716571290002e-46
2026.6041	1.4065001728321597e-46
2031.2775	1.41265704525625e-46
2035.9616	1.4188426106432398e-46
2040.6566	1.4250569688062502e-46
2045.3623	1.4312999805302499e-46
2050.0789999999997	1.437572224144e-46
2054.8065	1.4438733211238399e-46
2059.5449	1.4502036115359997e-46
2064.2942	1.4565634377948894e-46
2069.0545	1.46295266086564e-46
2073.8257	1.4693716247169605e-46
2078.6079999999997	1.47582043272225e-46
2083.4013	1.482298945009e-46
2088.2056	1.4888075078889996e-46
2093.021	1.4953462254922503e-46
2097.8475	1.50191544730756e-46
2102.6852	1.5085150339424397e-46
2107.534	1.5151453364737599e-46
2112.394	1.5218062149480097e-46
2117.2652	1.5284980220353597e-46
2122.1476	1.5352211128321602e-46
2127.0413	1.5419750998164101e-46
2131.9463	1.5487605869624096e-46
2136.8626	1.5555774345384094e-46
2141.7902	1.5624257508820894e-46
2146.7292	1.5693058951363599e-46
2151.6796	1.57621822891009e-46
2156.6413	1.58316236134884e-46
2161.6146	1.5901386540489998e-46
2166.5993	1.5971472183324096e-46
2171.5955	1.6041884191033603e-46
2176.6032	1.6112623698960096e-46
2181.6224	1.6183689300916895e-46
2186.6533	1.62550872207936e-46
2191.6957	1.6326813508016398e-46
2196.7498	1.6398871853286407e-46
2201.8155	1.6471265972584896e-46
2206.8929	1.6543994462371598e-46
2211.982	1.66170610555524e-46
2217.0829	1.66904669267281e-46
2222.1955	1.6764210663822395e-46
2227.3199	1.68382986205009e-46
2232.4561	1.6912729396102502e-46
2237.6042	1.69875067833769e-46
2242.7641	1.70626346009604e-46
2247.9359	1.7138116693516896e-46
2253.1197	1.7214038277198395e-46
2258.3154	1.7291006032372897e-46
2263.5231	1.7366651027108096e-46
2268.7428	1.7443501853822498e-46
2273.9745	1.752073148281e-46
2279.2183	1.759832272616891e-46
2284.4742	1.76762741896225e-46
2289.7422	1.7754587123395602e-46
2295.0224	1.7833265451562496e-46
2300.3147	1.7912313124872106e-46
2305.6193	1.79917609475569e-46
2310.9361	1.8072161583907586e-46
2316.2651	1.81516528459249e-46
2321.6064	1.8232155702250004e-46
2326.9601	1.8313042373976107e-46
2332.3261	1.839430337536e-46
2337.7044	1.8475945439062497e-46
2343.0952	1.8557964450864397e-46
2348.4984	1.86403644432784e-46
2353.9139999999998	1.872314400285161e-46
2359.3422	1.880630992321e-46
2364.7828	1.8889858054544396e-46
2370.236	1.897379522115999e-46
2375.7018	1.9058122777345597e-46
2381.1802	1.914283931352249e-46
2386.6712	1.9227948945414397e-46
2392.1749	1.9313450257665595e-46
2397.6913	1.9399350170402506e-46
2403.2204	1.9485647281e-46
2408.7622	1.9572348559464092e-46
2414.3168	1.96594554203524e-46
2419.8843	1.9746960850254398e-46
2425.4646	1.9834874664595597e-46
2431.0577	1.992319546520249e-46
2436.6637	2.0011924661520102e-46
2442.2827	2.0101063666368397e-46
2447.9146	2.019061957969e-46
2453.5595	2.028058531440641e-46
2459.2175	2.0370970838148104e-46
2464.8884	2.0461774754515597e-46
2470.5725	2.0552998512448902e-46
2476.2696	2.06446464380025e-46
2481.9799	2.0736717126200094e-46
2487.7034	2.0829212036424096e-46
2493.4401	2.09221384173169e-46
2499.19	2.10154948745284e-46
2504.9531	2.11092828973156e-46
2510.7295	2.1203506890777597e-46
2516.5193	2.12981654519881e-46
2522.3224	2.13932630062096e-46
2528.1389	2.14888010765481e-46
2533.9688	2.158478118976e-46
2539.8122	2.1681204876252107e-46
2545.669	2.17780766215609e-46
2551.5393	2.1875397983155595e-46
2557.4232	2.197318534560249e-46
2563.3206	2.20714344305764e-46
2569.2317	2.2170134955032098e-46
2575.1563	2.2269294440999996e-46
2581.0947	2.2368914485008102e-46
2587.0467	2.246899368949209e-46
2593.0124	2.2569536643192085e-46
2598.992	2.26705449541081e-46
2604.9852	2.2772023252160394e-46
2610.9924	2.287396712361641e-46
2617.0133	2.2976387262529598e-46
2623.0482	2.3079279256195598e-46
2629.097	2.3182647777080097e-46
2635.1597	2.3286494476756896e-46
2641.2364	2.33908240695481e-46
2647.3271	2.3495635169779586e-46
2653.4318	2.36009355859216e-46
2659.5507	2.3706773217601596e-46
2665.6836	2.38130513264484e-46
2671.8307	2.391975890481961e-46
2677.992	2.402701194212009e-46
2684.1674	2.4134765889542398e-46
2690.3571	2.424301938289e-46
2696.5611	2.4351777276313594e-46
2702.7794	2.4461035072057594e-46
2709.0121	2.4570800760577597e-46
2715.2591	2.46810729664521e-46
2721.5205	2.479185658848999e-46
2727.7963	2.49031565578756e-46
2734.0866	2.50150442661025e-46
2740.3915	2.5127306404402505e-46
2746.7108	2.52401439799609e-46
2753.0448	2.53535145847369e-46
2759.3933	2.5467407333712096e-46
2765.7565	2.5581830425104094e-46
2772.1343	2.5696785706708904e-46
2778.5269	2.5812268604280893e-46
2784.9342	2.592828737211691e-46
2791.3563	2.604484387122249e-46
2797.7932	2.6161939967040898e-46
2804.2449	2.627957752945289e-46
2810.7115	2.63977584327769e-46
2817.1929999999998	2.6516487812545602e-46
2823.6895	2.6635767573902394e-46
2830.2009999999996	2.6755596355104395e-46
2836.7274	2.6875982605881596e-46
2843.2689	2.6996924980908102e-46
2849.8255	2.7118425403492904e-46
2856.3972	2.7240492403363598e-46
2862.9841	2.73631213407204e-46
2869.5862	2.7486317468400398e-46
2876.2035	2.7610082750352408e-46
2882.836	2.7734422485902507e-46
2889.4839	2.7859338670768902e-46
2896.147	2.7984833305422388e-46
2902.8256	2.81109050418249e-46
2909.5195	2.8237562588929597e-46
2916.2289	2.8364807984102487e-46
2922.9537	2.8492639893616895e-46
2929.6941	2.86210637253121e-46
2936.45	2.87500815310801e-46
2943.2215	2.8879695367672893e-46
2950.0085	2.9009910703161596e-46
2956.8113	2.914072962703359e-46
2963.6297	2.9272150811923597e-46
2970.4639	2.940418319319041e-46
2977.3138	2.95368254610961e-46
2984.1795	2.967007972500249e-46
2991.0609999999997	2.9803951552004098e-46
2997.9584	2.9938443084744107e-46
3004.8718	3.007355993928998e-46
3011.801	3.02092973395684e-46
3018.7463	3.0345664388004903e-46
3025.7075	3.048266327112251e-46
3032.6848	3.0620296180633593e-46
3039.6782	3.0758565313440014e-46
3046.6877	3.08974763871684e-46
3053.7134	3.103702810942411e-46
3060.7553	3.1177226224147593e-46
3067.8134	3.131807297295691e-46
3074.8878	3.1459570602771604e-46
3081.9785	3.16017249211876e-46
3089.0856	3.1744538209800902e-46
3096.2091	3.1892423640250006e-46
3103.3489	3.2032143692067597e-46
3110.5053	3.217694403124889e-46
3117.6781	3.232241250492251e-46
3124.8675	3.24685586293156e-46
3132.0735	3.26153811553441e-46
3139.2961	3.276287880693609e-46
3146.5353	3.2911064793964902e-46
3153.7913	3.305993061121e-46
3161.0639	3.320948952878409e-46
3168.3534	3.3359740309320084e-46
3175.6596	3.351068534937758e-46
3182.9827	3.3662327051161608e-46
3190.3227	3.3814803899520383e-46
3197.6796	3.396778011225001e-46
3205.0535	3.4121581843278395e-46
3212.4443	3.427609755780248e-46
3219.8523	3.443132973737609e-46
3227.2773	3.4587277149902497e-46
3234.7194	3.4743949719344095e-46
3242.1787	3.4901342497380112e-46
3249.6552	3.5059469198227596e-46
3257.1489	3.52183211237025e-46
3264.6599	3.537791205062891e-46
3272.1882	3.5538240782492104e-46
3279.7339	3.5699309873612114e-46
3287.297	3.58611256717156e-46
3294.8776	3.6023686972864915e-46
3302.4756	3.6187003958592386e-46
3310.0911	3.6351071632584914e-46
3317.7242	3.6515904044822495e-46
3325.3749	3.668149620273958e-46
3333.0432	3.68478545682025e-46
3340.7293	3.701498179612841e-46
3348.433	3.718288054767689e-46
3356.1545	3.735155735556011e-46
3363.8938	3.75210149196964e-46
3371.651	3.7691255946369606e-46
3379.4261	3.78622870398756e-46
3387.219	3.803410704522251e-46
3395.03	3.820672259716001e-46
3402.8590000000004	3.83801364540801e-46
3410.7059999999997	3.85543513808644e-46
3418.5711	3.8729370148884094e-46
3426.4543	3.890520342576039e-46
3434.3558	3.9081846141864085e-46
3442.2754	3.92593090137444e-46
3450.2133	3.943759092099998e-46
3458.1695	3.961669867551359e-46
3466.1441	3.979663115226488e-46
3474.1371	3.99773991933801e-46
3482.1485	4.015900570429439e-46
3490.1783	4.034144958027608e-46
3498.2267	4.052473773930488e-46
3506.2936	4.0708873107359995e-46
3514.3792	4.0893858617289985e-46
3522.4834	4.1079705316064106e-46
3530.6062	4.12664080798225e-46
3538.7478	4.14541246001796e-46
3546.9082	4.164240994867839e-46
3555.0874	4.183171096512039e-46
3563.2855	4.20218922574564e-46
3571.5024	4.2212952781568095e-46
3579.7383	4.240489970025e-46
3587.9932	4.2597731965152394e-46
3596.2672	4.279145677212161e-46
3604.5602	4.298607721510559e-46
3612.8724	4.31815963953124e-46
3621.2037	4.3378021586688084e-46
3629.5542	4.3575355933352085e-46
3637.9240000000004	4.377360258681641e-46
3646.313	4.3972768899922515e-46
3654.7215	4.417287067796491e-46
3663.1493	4.437386486610248e-46
3671.5965	4.457580089323241e-46
3680.0633	4.4778677830672906e-46
3688.5495	4.498249047737761e-46
3697.0553	4.51872463173264e-46
3705.5808	4.539294861956411e-46
3714.1259	4.559960066079689e-46
3722.6907	4.580721000591611e-46
3731.2752	4.601578426641e-46
3739.8796	4.62253182005476e-46
3748.5038	4.6435823735472894e-46
3757.1479	4.664729992561959e-46
3765.8119	4.685975445289959e-46
3774.4959	4.7073195046416395e-46
3783.1999	4.728762078440891e-46
3791.9240000000004	4.750303943168638e-46
3800.6682	4.771945443170889e-46
3809.4325	4.793686923601e-46
3818.2171	4.8155291693059596e-46
3827.022	4.837472090165161e-46
3835.8471	4.859516915533439e-46
3844.6926	4.88166355793169e-46
3853.5585	4.9039128124839994e-46
3862.4448	4.926264591361e-46
3871.3516	4.948720138269611e-46
3880.2790000000005	4.9712793680595594e-46
3889.2270000000003	4.993943086254241e-46
3898.1955	5.01671165532289e-46
3907.1848	5.0395854385844084e-46
3916.1948	5.06256480020736e-46
3925.2256	5.08565055623769e-46
3934.2772	5.1088435276800094e-46
3943.3497	5.13214318126756e-46
3952.4431	5.1555512469392114e-46
3961.5574	5.179067192140961e-46
3970.6928	5.202692301669208e-46
3979.8493	5.2264406718809986e-46
3989.0268	5.250270157870239e-46
3998.2255	5.2742241193104096e-46
4007.4455	5.298289224681689e-46
4016.6867	5.322465398799609e-46
4025.9492	5.34675348810304e-46
4035.2331	5.371153880625002e-46
4044.5383	5.39566742987776e-46
4053.8651	5.4202940632562506e-46
4063.2133	5.445034638216039e-46
4072.5831	5.469890017376159e-46
4081.9745	5.49486013089924e-46
4091.3876	5.5199453755009606e-46
4100.8224	5.5451470907449596e-46
4110.2789	5.570465681635559e-46
4119.7572	5.595949811776e-46
4129.2574	5.62145369256025e-46
4138.7795	5.647124871423999e-46
4148.3236	5.6729150296592394e-46
4157.8896	5.698824102841001e-46
4167.4778	5.7248534587555596e-46
4177.088	5.7510030360000114e-46
4186.7204	5.777273731216e-46
4196.375	5.803665482768039e-46
4206.0519	5.830179674352248e-46
4215.7511	5.8568167314132104e-46
4225.4726	5.883576595272253e-46
4235.2166	5.9104606625072095e-46
4244.983	5.937468390202409e-46
4254.772	5.9646016698115594e-46
4264.5835	5.991860448887288e-46
4274.4177	6.019245162224998e-46
4284.2745	6.046756737437163e-46
4294.1541	6.074395614715211e-46
4304.0565	6.10216223528025e-46
4313.9816	6.130057041383037e-46
4323.9297	6.1580809726136076e-46
4333.9007	6.1862349741244864e-46
4343.8947	6.214518999499693e-46
4353.9118	6.242933998264961e-46
4363.9519	6.27147992383929e-46
4374.0153	6.300158734136891e-46
4384.1018	6.328969886131362e-46
4394.2115	6.357915854484639e-46
4404.3446	6.386992562500002e-46
4414.5011	6.416205011924407e-46
4424.681	6.445552661766488e-46
4434.8843	6.47503648964649e-46
4445.1112	6.504656458759839e-46
4455.3616	6.5344140624999994e-46
4465.6357	6.5643087550264915e-46
4475.9335	6.594342036614011e-46
4486.2551	6.6245138737316086e-46
4496.6004	6.654825777086007e-46
4506.9696	6.685277716572161e-46
4517.3627	6.71587017680016e-46
4527.7798	6.746604682475289e-46
4538.2209	6.777481206912159e-46
4548.686	6.808500763548159e-46
4559.1753	6.839663848680011e-46
4569.6888	6.87097148401444e-46
4580.2266	6.902423120863693e-46
4590.7886	6.934020308707842e-46
4601.375	6.96576407994756e-46
4611.9858	6.9976549439256114e-46
4622.6211	7.029692880906238e-46
4633.2809	7.06187946194809e-46
4643.9653	7.09421467091089e-46
4654.6743	7.126699555826406e-46
4665.407999999999	7.159334635664892e-46
4676.1665	7.192120966969001e-46
4686.9497	7.225059074808999e-46
4697.7579	7.25814948548209e-46
4708.590999999999	7.291392726512408e-46
4719.4490000000005	7.32478986793801e-46
4730.3321	7.35834198597696e-46
4741.2403	7.392049075523288e-46
4752.1736	7.425912217777292e-46
4763.1321	7.45993195391376e-46
4774.116	7.494109373876412e-46
4785.1251	7.528449415204002e-46
4796.1597	7.562938356352087e-46
4807.2196	7.597592115129e-46
4818.3051	7.632406307761e-46
4829.4162	7.66738149061369e-46
4840.5528	7.702518776417439e-46
4851.7152	7.737818727942247e-46
4862.9033	7.773281351660253e-46
4874.1172	7.808908885806252e-46
4885.3569	7.844700784424487e-46
4896.6226	7.880658177000996e-46
4907.9142	7.916782762212841e-46
4919.2319	7.953073994280251e-46
4930.5757	7.989533014406443e-46
4941.9457	8.026160970303999e-46
4953.3418	8.062958448318011e-46
4964.7643	8.099926036161611e-46
4976.2131	8.137065463937639e-46
4987.6882	8.17437618629956e-46
4999.1899	8.211858795082809e-46
5010.7181	8.249515606809002e-46
5022.2728	8.28734665213504e-46
5033.8542	8.325353112013441e-46
5045.4623	8.363535017297291e-46
5057.0972	8.401894134124409e-46
5068.7589	8.440429916467242e-46
5080.4475	8.47914472098841e-46
5092.163	8.51803858691041e-46
5103.9056	8.55711271966849e-46
5115.6753	8.596367745109688e-46
5127.472	8.635808992420088e-46
5139.295999999999	8.675422984730412e-46
5151.1473	8.715225048336e-46
5163.0259	8.755211117104359e-46
5174.9319	8.795383014541209e-46
5186.8653	8.835740198507289e-46
5198.8262	8.876284500928358e-46
5210.8148	8.917016571678758e-46
5222.8309	8.95793706214969e-46
5234.8748	8.999047225217438e-46
5246.9465	9.040347118088999e-46
5259.045999999999	9.081838602159213e-46
5271.1734	9.123522343185609e-46
5283.3288	9.165398402992809e-46
5295.5122	9.207468660037207e-46
5307.7236	9.249733788906253e-46
5319.9633	9.292194465762009e-46
5332.2312	9.334851368341206e-46
5344.5273	9.37770640087681e-46
5356.8519	9.420761480410812e-46
5369.2048	9.46401176885956e-46
5381.5862	9.507464095989759e-46
5393.9962	9.551117314339238e-46
5406.4348	9.594973358685158e-46
5418.9021	9.639031693041e-46
5431.3981	9.68329488348049e-46
5443.923000000001	9.727762395883212e-46
5456.4767	9.772435562010248e-46
5469.0594	9.817317600948007e-46
5481.6711	9.862404847451555e-46
5494.3118	9.907701152030007e-46
5506.9818	9.95320724079616e-46
5519.6809	9.998924473977762e-46
5532.4093	1.0044853585426893e-45
5545.1671	1.0090994675382759e-45
5557.9543	1.013734975032025e-45
5570.771	1.0183919553605155e-45
5583.6172	1.0230704830337287e-45
5596.4931	1.0277706968527693e-45
5609.3986	1.0324926721157762e-45
5622.334	1.0372364842963361e-45
5635.2991	1.0420022736036e-45
5648.2942	1.0467901163064956e-45
5661.3192	1.0516001537082248e-45
5674.3742	1.056432397873636e-45
5687.4594	1.0612870559148009e-45
5700.5747	1.0661642057088997e-45
5713.7202	1.071063990768996e-45
5726.8961	1.0759865553907562e-45
5740.1024	1.0809315843705759e-45
5753.3391	1.0858996817520644e-45
5766.6064	1.0908907960204962e-45
5779.9042	1.095905007055936e-45
5793.2327	1.1009424612852092e-45
5806.5919	1.1060031729038762e-45
5819.982	1.1110874223484841e-45
5833.4029	1.1161951579830486e-45
5846.8548	1.1213268629159605e-45
5860.3377	1.1264817487362006e-45
5873.8517	1.1316607685075562e-45
5887.3968	1.1368637371081e-45
5900.9732	1.1420908726772246e-45
5914.5809	1.1473421915536005e-45
5928.2199	1.1526178454510754e-45
5941.8905	1.1579179188452492e-45
5955.5925	1.1632424964082813e-45
5969.3262	1.1685917997475835e-45
5983.0915	1.1739658463442247e-45
5996.8885	1.1793647906181613e-45
6010.7174	1.1847887878191208e-45
6024.5781	1.1902378560309759e-45
6038.4709	1.1957121512230408e-45
6052.3956	1.2012118302010087e-45
6066.3525	1.2067369116581606e-45
6080.3416	1.2122876923980835e-45
6094.3629	1.2178641223680995e-45
6108.4165	1.223489655825889e-45
6122.5026	1.2290945658180246e-45
6136.6211	1.2347488993320357e-45
6150.7722	1.2404293812729e-45
6164.9559	1.2461361728277152e-45
6179.1724	1.251869365278756e-45
6193.4216	1.2576291919726238e-45
6207.7037	1.2634156034153642e-45
6222.0187	1.2692289052851207e-45
6236.3667	1.2750691197721e-45
6250.7478	1.2809363402092413e-45
6265.1621	1.2868313058497612e-45
6279.6096	1.2927525328974237e-45
6294.0904	1.298701694550016e-45
6308.6046	1.3046784560308896e-45
6323.1523	1.3106828408493158e-45
6337.7336	1.3167150897917612e-45
6352.3484	1.3227752997204843e-45
6366.996999999999	1.3288635677235609e-45
6381.6793	1.3349800641896407e-45
6396.3955	1.3411248139196415e-45
6411.1457	1.3472981349136e-45
6425.9298	1.353499979523136e-45
6440.7481	1.359730667724676e-45
6455.6005	1.3659901521644159e-45
6470.4871	1.3722786066298406e-45
6485.4081	1.3785962800792096e-45
6500.3635	1.384943125350976e-45
6515.3534	1.3913194671560248e-45
6530.3779	1.3977254081795556e-45
6545.437	1.4041609014582245e-45
6560.5308	1.410626199356416e-45
6575.6594	1.4171215558556247e-45
6590.823	1.4236470001750085e-45
6606.0215	1.4302026367204002e-45
6621.255	1.4367886459500247e-45
6636.5237	1.443405209261929e-45
6651.8275	1.4500524328389154e-45
6667.1667	1.4567304994453212e-45
6682.5412	1.4634395162851838e-45
6697.9512	1.4701795908122412e-45
6713.3968	1.4769509075921608e-45
6728.8779	1.4837535751084836e-45
6744.3947	1.4905877793131617e-45
6759.9474	1.497453707120809e-45
6775.5359	1.5043513912689612e-45
6791.1603	1.5112810972896012e-45
6806.8208	1.5182429365417687e-45
6822.5173	1.5252369425355235e-45
6838.2501	1.5322634614747687e-45
6854.0192	1.5393225281084007e-45
6869.8246	1.546414334025625e-45
6885.6665	1.5535389929716808e-45
6901.5449	1.560696697967716e-45
6917.4599	1.5678875638335997e-45
6933.4116	1.5751117056563295e-45
6949.4001	1.5823693979060488e-45
6965.4255	1.5896607573025002e-45
6981.4878	1.596985900837636e-45
6997.5872	1.6043450258841757e-45
7013.7236	1.6117381702386813e-45
7029.8973	1.6191656931441644e-45
7046.1083	1.6266276336867837e-45
7062.3567	1.634124111338601e-45
7078.6426	1.641655407918409e-45
7094.965999999999	1.649221563350881e-45
7111.326999999999	1.6568228613199212e-45
7127.7258	1.664459342501796e-45
7144.1624	1.6721312924568038e-45
7160.6369	1.6798388345905684e-45
7177.1494	1.6875820104361003e-45
7193.6999	1.6953611904556965e-45
7210.2886	1.7031764175153643e-45
7226.9156	1.7110278167431836e-45
7243.5809	1.7189156793968645e-45
7260.2847	1.7268401323307554e-45
7277.026999999999	1.7348013026949164e-45
7293.8079	1.7427994014288005e-45
7310.6274	1.750834640536576e-45
7327.4858	1.7589070653342763e-45
7344.383000000001	1.7670169728818013e-45
7361.3192	1.7751644935554013e-45
7378.2945	1.7833497580350753e-45
7395.3089	1.7915730666124842e-45
7412.3625	1.7998344668959358e-45
7429.4555	1.8081341761099206e-45
7446.5879	1.816472327328649e-45
7463.7598	1.8248492248085156e-45
7480.9713	1.8332650034227366e-45
7498.2224	1.841719798359169e-45
7515.5134	1.8502137451203213e-45
7532.8442	1.8587471519760995e-45
7550.215	1.86732015625e-45
7567.6259	1.8759328955856808e-45
7585.0769	1.8845855947705966e-45
7602.5681	1.8932784797123997e-45
7620.0997	1.9020116029953645e-45
7637.6717	1.9107852790008998e-45
7655.2842	1.9195996487916953e-45
7672.9374	1.928454941587329e-45
7690.6312	1.9373512997146086e-45
7708.3659	1.9462889540652247e-45
7726.1414	1.9552681366753963e-45
7743.9580000000005	1.964288903449401e-45
7761.8156	1.973351487501241e-45
7779.7144	1.9824562121475242e-45
7797.6545	1.991603134919161e-45
7815.6359	2.0007924917879607e-45
7833.6589	2.0100245198902082e-45
7851.7233	2.0192993676582248e-45
7869.8295	2.0286172739502764e-45
7887.9774	2.037978388512676e-45
7906.1671	2.047382951936256e-45
7924.3988	2.0568311152899995e-45
7942.6725	2.0663232118215846e-45
7960.9884	2.075859303436801e-45
7979.3465	2.0854397255582253e-45
7997.7469	2.0950645410156247e-45
8016.1898	2.104734087419161e-45
8034.6752	2.114448428529424e-45
8053.2032	2.1242082728699565e-45
8071.7739	2.134012763781376e-45
8090.3875	2.143863072893161e-45
8109.044	2.1537590821320995e-45
8127.7435	2.16370104336e-45
8146.4861	2.173689116419921e-45
8165.272	2.1837235549875838e-45
8184.1012	2.1938046139726237e-45
8202.9738	2.2039324556314807e-45
8221.8899	2.2141073367072036e-45
8240.8496	2.224329515188804e-45
8259.8531	2.2345990612301158e-45
8278.9004	2.244916328780304e-45
8297.9916	2.255281483958416e-45
8317.1268	2.2656947884692253e-45
8336.3062	2.2761564098645602e-45
8355.5298	2.2866666117246105e-45
8374.7977	2.297225563043161e-45
8394.11	2.3078336253668885e-45
8413.4669	2.3184909698055206e-45
8432.8684	2.3291977678681696e-45
8452.3147	2.3399541914633285e-45
8471.8058	2.350760703806736e-45
8491.3419	2.361617382425625e-45
8510.923	2.3725244017763554e-45
8530.5492	2.383482132004561e-45
8550.2207	2.394490749729156e-45
8569.9376	2.405550530073744e-45
8589.6999	2.4166616511598092e-45
8609.5078	2.427824390069764e-45
8629.3614	2.43903892643713e-45
8649.2608	2.4503056383158442e-45
8669.2061	2.4616246083166428e-45
8689.1973	2.4729962169344405e-45
8709.2347	2.4844205478574436e-45
8729.3182	2.495898083953297e-45
8749.4481	2.5074289106867566e-45
8769.6244	2.519013213411984e-45
8789.8472	2.5306514797475607e-45
8810.1167	2.5423436963122806e-45
8830.4329	2.554090252608064e-45
8850.7959	2.5658914391276417e-45
8871.2059	2.5777475477395278e-45
8891.663	2.5896585663613445e-45
8912.1672	2.6016249915401287e-45
8932.7188	2.6136470163456005e-45
8953.3177	2.625724936781585e-45
8973.9641	2.6378589475282808e-45
8994.6581	2.6500493466768996e-45
9015.3999	2.6622964337229162e-45
9036.1895	2.674600406138521e-45
9057.027	2.686961669199921e-45
9077.9126	2.6993802149135992e-45
9098.8463	2.7118565545891208e-45
9119.8283	2.7243908897072047e-45
9140.8587	2.7369835268513438e-45
9161.9376	2.7496346691676807e-45
9183.0651	2.762344625392144e-45
9204.2413	2.775113600346409e-45
9225.4664	2.7879420105331566e-45
9246.7404	2.8008304865741284e-45
9268.0634	2.813777966043136e-45
9289.4356	2.8267861399658404e-45
9310.8571	2.839854688542369e-45
9332.328000000001	2.852984035342224e-45
9353.8485	2.8661744993222244e-45
9375.4185	2.879426186281223e-45
9397.0383	2.892739631798025e-45
9418.7079	2.9061148358424486e-45
9440.4276	2.9195523372259244e-45
9462.1973	2.933052244990921e-45
9484.0172	2.946614993383823e-45
9505.8874	2.9602408015290236e-45
9527.808	2.9739299981300014e-45
9549.7792	2.98768280409e-45
9571.8011	3.001499659971135e-45
9593.8737	3.0153807892252875e-45
9615.9973	3.0293268561410404e-45
9638.1718	3.0433370952696016e-45
9660.3975	3.05741283369113e-45
9682.6745	3.071554079089609e-45
9705.0028	3.0857610598391296e-45
9727.3826	3.1000342275584007e-45
9749.814	3.114373701617476e-45
9772.2972	3.128779936508002e-45
9794.8322	3.143253165066729e-45
9817.4191	3.157793733062499e-45
9840.0582	3.1724019878464e-45
9862.7494	3.187078278357797e-45
9885.493	3.201822615622501e-45
9908.289	3.216635803144448e-45
9931.1376	3.2315177406735996e-45
9954.0389	3.246469123062025e-45
9976.993	3.261489964615936e-45
10000.0	3.276580736030625e-45
